# Camera list with one line of data per camera:
#   CAMERA_ID, MODEL, WIDTH, HEIGHT, PARAMS[]
# PINHOLE model: fx fy cx cy
#
1 PINHOLE 640 480 330.728546 331.117493 311.375763 241.712845
2 PINHOLE 424 240 215.672012 215.672012 213.725601 118.546516
3 PINHOLE 640 480 330.728546 331.117493 311.375763 241.712845
4 PINHOLE 424 240 213.183441 213.183441 212.875793 119.423798
5 PINHOLE 640 480 329.644348 330.087646 319.991455 240.404404
6 PINHOLE 640 480 329.644348 330.087646 319.991455 240.404404
7 PINHOLE 424 240 216.755325 216.755325 214.491821 117.654289
8 PINHOLE 640 480 330.037628 330.305450 321.213440 235.202972
9 PINHOLE 640 480 330.037628 330.305450 321.213440 235.202972
10 PINHOLE 424 240 214.479568 214.479568 213.191010 117.680237
11 PINHOLE 640 480 328.209442 328.560638 315.695953 238.277496
12 PINHOLE 640 480 328.209442 328.560638 315.695953 238.277496
13 PINHOLE 424 240 217.746292 217.746292 213.103088 117.578896
14 PINHOLE 640 480 330.195770 330.417358 318.017059 238.725082
15 PINHOLE 640 480 330.195770 330.417358 321.982941 241.274918
1 PINHOLE 640 480 330.728546 331.117493 311.375763 241.712845
2 PINHOLE 424 240 215.672012 215.672012 213.725601 118.546516
3 PINHOLE 640 480 330.728546 331.117493 311.375763 241.712845
4 PINHOLE 424 240 213.183441 213.183441 212.875793 119.423798
5 PINHOLE 640 480 329.644348 330.087646 319.991455 240.404404
6 PINHOLE 480 640 329.644348 330.087646 240.404404 320.008545
7 PINHOLE 424 240 216.755325 216.755325 214.491821 117.654289
8 PINHOLE 640 480 330.037628 330.305450 321.213440 235.202972
9 PINHOLE 480 640 330.037628 330.305450 244.797028 321.213440
10 PINHOLE 424 240 214.479568 214.479568 213.191010 117.680237
11 PINHOLE 640 480 328.209442 328.560638 315.695953 238.277496
12 PINHOLE 640 480 328.209442 328.560638 315.695953 238.277496
13 PINHOLE 424 240 217.746292 217.746292 213.103088 117.578896
14 PINHOLE 640 480 330.195770 330.417358 318.017059 238.725082
15 PINHOLE 640 480 330.195770 330.417358 321.982941 241.274918
1 PINHOLE 640 480 330.728546 331.117493 311.375763 241.712845
2 PINHOLE 424 240 215.672012 215.672012 213.725601 118.546516
3 PINHOLE 640 480 330.728546 331.117493 311.375763 241.712845
4 PINHOLE 424 240 213.183441 213.183441 212.875793 119.423798
5 PINHOLE 640 480 329.644348 330.087646 319.991455 240.404404
6 PINHOLE 480 640 329.644348 330.087646 239.595596 319.991455
7 PINHOLE 424 240 216.755325 216.755325 214.491821 117.654289
8 PINHOLE 640 480 330.037628 330.305450 321.213440 235.202972
9 PINHOLE 480 640 330.037628 330.305450 244.797028 321.213440
10 PINHOLE 424 240 214.479568 214.479568 213.191010 117.680237
11 PINHOLE 640 480 328.209442 328.560638 315.695953 238.277496
12 PINHOLE 640 480 328.209442 328.560638 315.695953 238.277496
13 PINHOLE 424 240 217.746292 217.746292 213.103088 117.578896
14 PINHOLE 640 480 330.195770 330.417358 318.017059 238.725082
15 PINHOLE 640 480 330.195770 330.417358 321.982941 241.274918
1 PINHOLE 640 480 330.728546 331.117493 311.375763 241.712845
2 PINHOLE 424 240 215.672012 215.672012 213.725601 118.546516
3 PINHOLE 640 480 330.728546 331.117493 311.375763 241.712845
4 PINHOLE 424 240 213.183441 213.183441 212.875793 119.423798
5 PINHOLE 640 480 329.644348 330.087646 319.991455 240.404404
6 PINHOLE 480 640 329.644348 330.087646 240.404404 320.008545
7 PINHOLE 424 240 216.755325 216.755325 214.491821 117.654289
8 PINHOLE 640 480 330.037628 330.305450 321.213440 235.202972
9 PINHOLE 480 640 330.037628 330.305450 235.202972 318.786560
10 PINHOLE 424 240 214.479568 214.479568 213.191010 117.680237
11 PINHOLE 640 480 328.209442 328.560638 315.695953 238.277496
12 PINHOLE 640 480 328.209442 328.560638 315.695953 238.277496
13 PINHOLE 424 240 217.746292 217.746292 213.103088 117.578896
14 PINHOLE 640 480 330.195770 330.417358 318.017059 238.725082
15 PINHOLE 640 480 330.195770 330.417358 321.982941 241.274918
