# Image list with two lines of data per image:
#   IMAGE_ID, QW, QX, QY, QZ, TX, TY, TZ, CAMERA_ID, NAME
#   POINTS2D[] as (X, Y, POINT3D_ID)
# Number of images: 220, mean observations per image: 0
1 0.4240393795 0.5353793838 0.5852039663 -0.4371450994 0.1767952061 0.01673556686 0.8542581919 1 back_fisheye_image/00000.jpg

2 -0.5214907179 0.1217050857 0.8216234287 -0.1953720675 0.8473147173 -0.5614084475 -1.283743398 2 frontleft_fisheye_image/00000.jpg

3 -0.5070442564 -0.1711312666 0.8032266884 0.2616239642 0.8483917535 0.9553936429 -1.040369057 3 frontright_fisheye_image/00000.jpg

4 0.6240728468 0.7805143907 0.02900910841 -0.02210971347 -1.153241467 0.2260733809 0.1713837177 4 left_fisheye_image/00000.jpg

5 -0.6039335708 0.7961084297 0.0330397126 0.01959560087 -1.138889621 -0.344939663 -0.2582313075 5 right_fisheye_image/00000.jpg

6 0.4215515663 0.5541882073 0.5712787946 -0.4345230106 0.1836013452 -0.1268814087 1.307564998 1 back_fisheye_image/00001.jpg

7 -0.5225322412 0.1320831631 0.8151849819 -0.2121026641 1.048846643 -0.7788284375 -1.695106947 2 frontleft_fisheye_image/00001.jpg

8 -0.5131702104 -0.1626160814 0.8063070918 0.2451147059 1.067462781 1.250186889 -1.438072311 3 frontright_fisheye_image/00001.jpg

9 0.6176064202 0.7862430874 0.01779874205 -0.008205001581 -1.730154572 0.1994042222 0.2085744882 4 left_fisheye_image/00001.jpg

10 -0.6110394028 0.7913293604 0.01679464585 0.01210914799 -1.715564741 -0.34558029 -0.3038927028 5 right_fisheye_image/00001.jpg

11 0.5959802275 0.7861279242 0.1274464824 -0.1028000451 -1.949621438 0.0410384361 0.7783618108 1 back_fisheye_image/00002.jpg

12 -0.2919932421 0.5864853085 0.5769883768 -0.4877082556 0.8428950604 -2.389694299 -0.1977397285 2 frontleft_fisheye_image/00002.jpg

13 -0.5548684921 0.3467595507 0.7480993502 -0.110571844 0.8641268381 -0.8216260789 -2.207492493 3 frontright_fisheye_image/00002.jpg

14 0.5011787803 0.6461702919 -0.452932926 0.3551556683 -1.246220732 0.7348713024 -1.880482581 4 left_fisheye_image/00002.jpg

15 -0.5039485866 0.6501322762 -0.4467083443 -0.3518742682 -1.281798825 0.1715067141 1.766880308 5 right_fisheye_image/00002.jpg

16 0.2068146296 0.2647272724 0.7478239647 -0.572631206 2.010274311 -0.02728885397 1.056535082 1 back_fisheye_image/00003.jpg

17 -0.5642868478 -0.2200636403 0.7954698325 0.01949597805 0.9369509466 0.8987825131 -2.412715723 2 frontleft_fisheye_image/00003.jpg

18 -0.3670691378 -0.4851271859 0.6660884384 0.431553072 0.9358819156 2.641154702 -0.2896285835 3 frontright_fisheye_image/00003.jpg

19 0.55311693 0.7130009257 0.3414276414 -0.262903989 -1.470417604 -0.2404800487 1.926739374 4 left_fisheye_image/00003.jpg

20 -0.5568853084 0.7090128942 0.3425846445 0.264225719 -1.485634714 -0.7717272464 -2.019487703 5 right_fisheye_image/00003.jpg

21 0.1972966096 0.2612826318 0.7505402777 -0.5740163113 2.058831586 0.06674863821 0.607161929 1 back_fisheye_image/00004.jpg

22 -0.5621321367 -0.2303517223 0.7936346798 0.03300817934 0.7148246242 1.227145947 -1.979870767 2 frontleft_fisheye_image/00004.jpg

23 -0.3541766891 -0.4987644692 0.6543182299 0.4445902959 0.6672425593 2.357990728 0.3123907955 3 frontright_fisheye_image/00004.jpg

24 0.5502600994 0.6968108838 0.3630545376 -0.2825947947 -0.6498984163 -0.2244895053 2.037391914 4 left_fisheye_image/00004.jpg

25 -0.5415793348 0.7023905009 0.3661113023 0.2816059706 -0.6049803068 -0.8269230628 -2.120744311 5 right_fisheye_image/00004.jpg

26 0.5401829661 0.7121104918 0.3556755412 -0.2731225365 -0.7650328973 -0.1038505449 1.215802375 1 back_fisheye_image/00005.jpg

27 -0.4238201146 0.3902992234 0.7246228433 -0.3781068124 0.9753679011 -1.541223761 -1.082586289 2 frontleft_fisheye_image/00005.jpg

28 -0.5637853748 0.1092937655 0.81676829 0.05559212486 0.9819347401 0.3320209378 -1.821425211 3 frontright_fisheye_image/00005.jpg

29 0.580007518 0.7522424546 -0.2441927525 0.1951729187 -1.480077265 0.4396994691 -0.7496705085 4 left_fisheye_image/00005.jpg

30 -0.5866845928 0.7478017069 -0.2444810871 -0.1918926624 -1.444887335 -0.09829715528 0.6534734622 5 right_fisheye_image/00005.jpg

31 0.5922441845 0.781526115 -0.1549252858 0.1202576958 -1.304265016 0.3358422082 -0.4308741826 1 back_fisheye_image/00006.jpg

32 -0.1061353867 0.7578432514 0.3309469445 -0.5521621193 0.2643827313 -1.230665513 0.4660439389 2 frontleft_fisheye_image/00006.jpg

33 -0.4844367435 0.590093076 0.5743053467 -0.295439625 0.2843561693 -0.8891427826 -0.8581383527 3 frontright_fisheye_image/00006.jpg

34 -0.3438072073 -0.4414439657 0.6520770249 -0.5115851668 0.09470725523 0.5645132747 -1.245546314 4 left_fisheye_image/00006.jpg

35 0.3427472401 -0.4438626756 0.6531409086 0.5088390788 0.08350327248 0.03762347251 1.141807987 5 right_fisheye_image/00006.jpg

36 0.5068985772 0.65579582 0.4480488476 -0.3350192608 -0.1009893379 -0.1552301831 1.435834064 1 back_fisheye_image/00007.jpg

37 -0.4097529607 0.4061922757 0.7198005036 -0.3860020485 1.217651078 -1.748698642 -1.475867564 2 frontleft_fisheye_image/00007.jpg

38 -0.5609361612 0.1408986117 0.8148970448 0.03796064707 1.217417048 0.5306323008 -2.206495026 3 frontright_fisheye_image/00007.jpg

39 0.5684674149 0.7342296603 -0.2921775344 0.2288752773 -1.95702429 0.4885905507 -0.8969157726 4 left_fisheye_image/00007.jpg

40 -0.5682742686 0.7292299455 -0.2993329804 -0.2359826457 -1.92039335 -0.05574598222 0.8591167713 5 right_fisheye_image/00007.jpg

41 0.5641885254 0.742172199 0.2868644657 -0.2204098752 -1.118790597 -0.1898404561 1.54966192 1 back_fisheye_image/00008.jpg

42 -0.3846893703 0.4581650976 0.6859311624 -0.414243011 1.149426616 -2.037327279 -1.204484549 2 frontleft_fisheye_image/00008.jpg

43 -0.5619499772 0.1883776036 0.8054298383 0.002979458493 1.188727656 0.2116897914 -2.334323942 3 frontright_fisheye_image/00008.jpg

44 0.5595168169 0.7255009779 -0.3151790279 0.2474902888 -1.958869609 0.5412830485 -1.11417724 4 left_fisheye_image/00008.jpg

45 -0.5650295216 0.7219023828 -0.3129220259 -0.2483513543 -1.970166285 -0.02147029702 1.026875993 5 right_fisheye_image/00008.jpg

46 0.5790703853 0.7575668771 0.2438480685 -0.176940767 -1.459898832 -0.3173879888 1.913088349 1 back_fisheye_image/00009.jpg

47 -0.3564618771 0.5067928312 0.6518112944 -0.4373076639 1.300499635 -2.523272193 -1.340867742 2 frontleft_fisheye_image/00009.jpg

48 -0.5679366724 0.2505400022 0.7832702219 -0.03413799834 1.319176878 0.1063080869 -2.847807328 3 frontright_fisheye_image/00009.jpg

49 0.5437228758 0.6908381491 -0.3720759207 0.2977710452 -2.352883404 0.6063241905 -1.503811663 4 left_fisheye_image/00009.jpg

50 -0.5339534894 0.6955968698 -0.3794518544 -0.2950507686 -2.362911677 0.101264631 1.426822992 5 right_fisheye_image/00009.jpg

51 0.5956490834 0.7753838906 0.1711313775 -0.1212272382 -1.926201419 -0.3915878825 2.221164741 1 back_fisheye_image/00010.jpg

52 -0.3123826409 0.5687449095 0.6015192863 -0.4659622965 1.429699301 -3.070901319 -1.325550674 2 frontleft_fisheye_image/00010.jpg

53 -0.5612369431 0.3242030986 0.7565157679 -0.08711680355 1.449635581 -0.1613595804 -3.323219592 3 frontright_fisheye_image/00010.jpg

54 0.5131651896 0.6527067607 -0.4366482974 0.3463721079 -2.64861384 0.7271063707 -1.974020538 4 left_fisheye_image/00010.jpg

55 -0.5017669925 0.6571695748 -0.4424222925 -0.3473046938 -2.65989276 0.2069402362 1.915786238 5 right_fisheye_image/00010.jpg

56 0.6054220009 0.7862485337 0.1032164338 -0.0679986165 -2.411691039 -0.4442274103 2.391371643 1 back_fisheye_image/00011.jpg

57 -0.2626937838 0.6175148646 0.5523162718 -0.4945847792 1.5430211 -3.549618498 -1.164416571 2 frontleft_fisheye_image/00011.jpg

58 -0.5457031423 0.3936343893 0.7271680208 -0.1359658694 1.544259245 -0.5498631527 -3.658299633 3 frontright_fisheye_image/00011.jpg

59 0.4791132694 0.6098941392 -0.4985026847 0.3872656548 -2.702365131 0.9019954467 -2.459483697 4 left_fisheye_image/00011.jpg

60 -0.4718942409 0.6167017238 -0.4941665188 -0.3908890649 -2.696116401 0.2931681658 2.377535428 5 right_fisheye_image/00011.jpg

61 0.5878217256 0.7798150204 -0.1612243041 0.1426915441 -3.846781977 -0.09992368673 0.7805605811 1 back_fisheye_image/00012.jpg

62 -0.08280152173 0.7728148385 0.2958819815 -0.5552972054 0.7065528154 -3.994656012 0.9274329077 2 frontleft_fisheye_image/00012.jpg

63 -0.469113756 0.6227311425 0.5350324021 -0.3253898228 0.6779937323 -2.647545239 -3.04669162 3 frontright_fisheye_image/00012.jpg

64 -0.313013808 -0.4011034797 0.6734109108 -0.5363358088 -0.8966445975 1.16761073 -3.835385282 4 left_fisheye_image/00012.jpg

65 0.3019030825 -0.3933682224 0.6908173805 0.5262008335 -0.78289414 0.7611620709 3.749677561 5 right_fisheye_image/00012.jpg

66 0.4737977427 0.6333108629 -0.4788132771 0.3810129861 -3.596066117 0.6779087611 -2.009324939 1 back_fisheye_image/00013.jpg

67 0.1550785308 0.8279923869 -0.05995815441 -0.535522433 -0.5289813938 -2.365420396 2.936431824 2 frontleft_fisheye_image/00013.jpg

68 -0.2895516834 0.7911504161 0.2233297641 -0.490269985 -0.5086118839 -3.625687895 -0.6586148601 3 frontright_fisheye_image/00013.jpg

69 -0.05427656714 -0.0718772225 0.7823784437 -0.6162561886 1.949240347 1.093095323 -3.371336516 4 left_fisheye_image/00013.jpg

70 0.05109813355 -0.07033445022 0.787458627 0.6102056675 1.953868972 0.5856224096 3.262099214 5 right_fisheye_image/00013.jpg

71 0.4654861118 0.6025394452 -0.5149801759 0.3937820656 -3.475149618 0.7352283363 -1.776764467 1 back_fisheye_image/00014.jpg

72 0.1832970187 0.8228680964 -0.07595647985 -0.5324668177 -0.2947104265 -2.451003113 2.686089484 2 frontleft_fisheye_image/00014.jpg

73 -0.2731151062 0.7969580953 0.2155788609 -0.4937526585 -0.2663382766 -3.428179835 -0.9543372714 3 frontright_fisheye_image/00014.jpg

74 -0.0497230189 -0.06613839125 0.7879148301 -0.6101996027 1.439613859 1.145574 -3.376632942 4 left_fisheye_image/00014.jpg

75 0.04878442512 -0.0688402118 0.784305549 0.6146103733 1.444442355 0.5600122798 3.302056967 5 right_fisheye_image/00014.jpg

76 0.4647748695 0.6027725026 -0.5139285953 0.3956349703 -3.480751766 0.5717583951 -1.214400444 1 back_fisheye_image/00015.jpg

77 0.1833801008 0.8230115783 -0.07664918256 -0.5321170768 -0.0350899612 -2.739528229 2.208495323 2 frontleft_fisheye_image/00015.jpg

78 -0.27330094 0.7968176481 0.2154666954 -0.4939254348 0.005759280174 -3.117604756 -1.453240905 3 frontright_fisheye_image/00015.jpg

79 -0.05182888421 -0.06556942701 0.788566252 -0.6092435336 0.7535704626 1.143151511 -3.380852663 4 left_fisheye_image/00015.jpg

80 0.04773752082 -0.07070555478 0.7835260615 0.6154744223 0.7580045856 0.5565205427 3.304189395 5 right_fisheye_image/00015.jpg

81 0.4621033948 0.6042810556 -0.5135295924 0.396978861 -3.472529422 0.3452741147 -0.4538111694 1 back_fisheye_image/00016.jpg

82 0.1811472881 0.822764197 -0.07787016991 -0.5330862715 0.2945564563 -3.113144329 1.558245061 2 frontleft_fisheye_image/00016.jpg

83 -0.2742846402 0.7966443821 0.2145636256 -0.4940527454 0.3149163074 -2.737114824 -2.028463663 3 frontright_fisheye_image/00016.jpg

84 -0.05267252522 -0.06511873228 0.7859388952 -0.6126052634 0.01185267432 1.10993197 -3.370300095 4 left_fisheye_image/00016.jpg

85 0.04782083096 -0.07045580973 0.7857488122 0.6126564707 -0.04818029397 0.5618074468 3.278343671 5 right_fisheye_image/00016.jpg

86 0.4651098102 0.602960424 -0.51196036 0.3975024293 -3.472109091 0.1715930681 0.2438056845 1 back_fisheye_image/00017.jpg

87 0.1815654749 0.8254716644 -0.0739402287 -0.529304593 0.5992737901 -3.433125741 1.036073323 2 frontleft_fisheye_image/00017.jpg

88 -0.2715217772 0.7991795299 0.2172425114 -0.4902995969 0.6498366537 -2.420041751 -2.555283389 3 frontright_fisheye_image/00017.jpg

89 -0.05118877262 -0.06457658946 0.7893880937 -0.6083387306 -0.6163829326 1.163597194 -3.376670081 4 left_fisheye_image/00017.jpg

90 0.04691350491 -0.06977957359 0.7827975694 0.6165694604 -0.6137193987 0.5209355013 3.309952916 5 right_fisheye_image/00017.jpg

91 0.4620528512 0.6050901384 -0.5120613673 0.3977011984 -3.431179446 0.01180135679 0.7502400231 1 back_fisheye_image/00018.jpg

92 0.1805792161 0.8241107718 -0.07697989814 -0.5313253973 0.8257841438 -3.648329045 0.5724731457 2 frontleft_fisheye_image/00018.jpg

93 -0.2754829655 0.7974859715 0.2144203369 -0.4920865575 0.8473997212 -2.098613639 -2.950388596 3 frontright_fisheye_image/00018.jpg

94 -0.05084404195 -0.06532108396 0.7861182387 -0.6125080849 -1.176622855 1.105657498 -3.320300275 4 left_fisheye_image/00018.jpg

95 0.04806250416 -0.06986889426 0.7862121773 0.6121100763 -1.203276221 0.5419709025 3.22988634 5 right_fisheye_image/00018.jpg

96 -0.1305133547 -0.1687931288 0.775991693 -0.5935587893 -2.574303024 1.069003343 -3.028697911 1 back_fisheye_image/00019.jpg

97 0.4702137913 0.6082203172 -0.5576343604 -0.3130670158 -0.8234997543 -1.098374095 3.22617041 2 frontleft_fisheye_image/00019.jpg

98 0.08339763278 0.7658150928 -0.3102356044 -0.5570690696 -0.8005479708 -3.30591311 0.4953078707 3 frontright_fisheye_image/00019.jpg

99 0.3305965004 0.4245869698 0.6678569411 -0.5141973991 2.744379698 0.944159824 -2.530676384 4 left_fisheye_image/00019.jpg

100 -0.3311548856 0.4225841522 0.664975632 0.5191979245 2.713919559 0.3527327985 2.459165954 5 right_fisheye_image/00019.jpg

101 0.4181143711 0.5591236658 0.5642678437 -0.4406391943 3.401099772 0.460308657 -1.105291518 1 back_fisheye_image/00020.jpg

102 -0.5269529653 0.1061276479 0.8148110392 -0.2171185507 -0.1229903169 3.113130694 -1.336779746 2 frontleft_fisheye_image/00020.jpg

103 -0.5035357184 -0.1871111163 0.808776516 0.2394196268 -0.142399594 2.664642699 2.206666989 3 frontright_fisheye_image/00020.jpg

104 0.6023570255 0.7967259865 0.04001948191 -0.02814528994 0.9662416825 -0.6323321857 3.204901027 4 left_fisheye_image/00020.jpg

105 -0.622747262 0.7804836764 0.04553571602 0.03094474316 0.9819778135 -1.02315524 -3.317185035 5 right_fisheye_image/00020.jpg

106 0.406536976 0.532398288 0.5886710981 -0.4524887715 3.282884989 0.4453399677 -0.7837069236 1 back_fisheye_image/00021.jpg

107 -0.528748268 0.09974551221 0.8191727859 -0.1985750454 0.1350494764 2.87288989 -1.58741066 2 frontleft_fisheye_image/00021.jpg

108 -0.5020085446 -0.1926903574 0.8027085896 0.2579084479 0.1391842979 2.799661128 1.848766095 3 frontright_fisheye_image/00021.jpg

109 0.611883831 0.7893375836 0.04124936315 -0.02903181762 0.4101847429 -0.5427785565 3.171501636 4 left_fisheye_image/00021.jpg

110 -0.613045061 0.7886203335 0.0392475216 0.02670870565 0.3507378235 -1.095253794 -3.257868992 5 right_fisheye_image/00021.jpg

111 0.4229776346 0.5490679626 0.5729215216 -0.4374645393 3.281245456 0.2343348269 0.08759974288 1 back_fisheye_image/00022.jpg

112 -0.5206463364 0.1263889936 0.8171238876 -0.2127481304 0.5323260343 2.457483418 -2.280695041 2 frontleft_fisheye_image/00022.jpg

113 -0.508562278 -0.1678123584 0.8085986421 0.2436630005 0.5253058516 3.22952077 1.166981209 3 frontright_fisheye_image/00022.jpg

114 0.6131771985 0.7895947697 0.01905131898 -0.01381557829 -0.4219907791 -0.5366813361 3.175033273 4 left_fisheye_image/00022.jpg

115 -0.6153573383 0.7878478891 0.02213585998 0.01187659486 -0.4372877649 -1.093070909 -3.262627122 5 right_fisheye_image/00022.jpg

116 0.4212672005 0.549360821 0.5711594944 -0.4410368081 3.263201131 0.06681194352 0.6510344073 1 back_fisheye_image/00023.jpg

117 -0.5211975491 0.1261052081 0.8166517691 -0.2133787226 0.798122918 2.143738443 -2.762811079 2 frontleft_fisheye_image/00023.jpg

118 -0.5089883544 -0.1672359294 0.8084569847 0.2436396991 0.7799917209 3.498402589 0.7026570685 3 frontright_fisheye_image/00023.jpg

119 0.6133304638 0.7894776915 0.0196655709 -0.01280555042 -1.067805982 -0.5397226719 3.15700188 4 left_fisheye_image/00023.jpg

120 -0.6150253454 0.7880579291 0.02396490674 0.01158482394 -1.085996026 -1.09608072 -3.251238957 5 right_fisheye_image/00023.jpg

121 0.4207434826 0.550552189 0.5730320122 -0.4376088688 3.249844739 -0.08327981973 1.226945816 1 back_fisheye_image/00024.jpg

122 -0.5241993686 0.1259331518 0.8145520149 -0.2141515309 1.013414576 1.874627956 -3.197151705 2 frontleft_fisheye_image/00024.jpg

123 -0.5114612927 -0.168833563 0.8070597652 0.241985763 0.9970657597 3.764000226 0.2673659495 3 frontright_fisheye_image/00024.jpg

124 0.610978936 0.7912605886 0.0206420323 -0.01361349324 -1.614459957 -0.5572837747 3.148871959 4 left_fisheye_image/00024.jpg

125 -0.6172719143 0.7863279397 0.02181818912 0.0137011555 -1.643355184 -1.077134873 -3.247159768 5 right_fisheye_image/00024.jpg

126 0.4200267394 0.5494955036 0.5734023947 -0.4391377045 3.245932467 -0.2459608625 1.806983561 1 back_fisheye_image/00025.jpg

127 -0.5228766961 0.1252939967 0.8158920355 -0.2126536185 1.2842931 1.596740146 -3.658502042 2 frontleft_fisheye_image/00025.jpg

128 -0.5102863749 -0.1684495491 0.8073618699 0.243719872 1.288348679 4.072267317 -0.2226077493 3 frontright_fisheye_image/00025.jpg

129 0.6135764418 0.7892741836 0.02049286301 -0.01225788054 -2.215446174 -0.5360891602 3.151090795 4 left_fisheye_image/00025.jpg

130 -0.6143892926 0.788583616 0.02190277831 0.01348873696 -2.231938923 -1.10889705 -3.243384081 5 right_fisheye_image/00025.jpg

131 0.4219929665 0.5484016679 0.5726182541 -0.4396429028 3.248294416 -0.38792213 2.428967289 1 back_fisheye_image/00026.jpg

132 -0.52084403 0.1248541469 0.8171766106 -0.2129678979 1.550644008 1.328776945 -4.112775733 2 frontleft_fisheye_image/00026.jpg

133 -0.5083852826 -0.1691646573 0.8086139698 0.2430456149 1.539582976 4.360821323 -0.6717005279 3 frontright_fisheye_image/00026.jpg

134 0.6140227497 0.7889457716 0.01863588858 -0.01390453301 -2.864078551 -0.5254340185 3.152076604 4 left_fisheye_image/00026.jpg

135 -0.6159936072 0.7873451152 0.02333245567 0.009754079258 -2.895522642 -1.119651885 -3.235355588 5 right_fisheye_image/00026.jpg

136 0.4214391766 0.5487342345 0.5727134409 -0.4396351611 3.251026367 -0.5483355907 2.992387927 1 back_fisheye_image/00027.jpg

137 -0.5202713945 0.1264240565 0.8175232504 -0.2121093328 1.833524826 1.022519075 -4.614399063 2 frontleft_fisheye_image/00027.jpg

138 -0.5064729705 -0.1666164379 0.8100199951 0.2441141132 1.849000615 4.670118104 -1.176183474 3 frontright_fisheye_image/00027.jpg

139 0.6135358774 0.7893302281 0.01675861676 -0.01583246287 -3.47125535 -0.5122238946 3.157424847 4 left_fisheye_image/00027.jpg

140 -0.6160778996 0.7872538375 0.02408711273 0.009961323797 -3.496777962 -1.132189724 -3.243828782 5 right_fisheye_image/00027.jpg

141 0.423371241 0.5481784326 0.5731191931 -0.4379401659 3.236338795 -0.7009161426 3.613842054 1 back_fisheye_image/00028.jpg

142 -0.5189116935 0.1253662352 0.8180636088 -0.2139763852 2.106367596 0.7256558243 -5.096071549 2 frontleft_fisheye_image/00028.jpg

143 -0.5065550636 -0.1671846155 0.8098881193 0.2439928401 2.114372328 4.967542985 -1.648534127 3 frontright_fisheye_image/00028.jpg

144 0.6142198923 0.7887943946 0.01764883988 -0.01502815167 -4.137073324 -0.5088586189 3.157415551 4 left_fisheye_image/00028.jpg

145 -0.614273582 0.7886815397 0.02331108852 0.01029507661 -4.115741475 -1.149629076 -3.236160221 5 right_fisheye_image/00028.jpg

146 0.4244183425 0.547526522 0.5698173281 -0.4420316628 3.23202414 -0.8381280391 4.221060169 1 back_fisheye_image/00029.jpg

147 -0.5179131856 0.124050047 0.8187466761 -0.2145492914 2.376850357 0.448821764 -5.565854967 2 frontleft_fisheye_image/00029.jpg

148 -0.506350334 -0.1668436528 0.8101026291 0.2439390602 2.379766467 5.256098691 -2.116507894 3 frontright_fisheye_image/00029.jpg

149 0.613481209 0.7893717519 0.01692830743 -0.01569955047 -4.701165998 -0.5072957027 3.15521696 4 left_fisheye_image/00029.jpg

150 -0.6149913269 0.7881391654 0.02269870697 0.01034855044 -4.730493676 -1.140624339 -3.233219669 5 right_fisheye_image/00029.jpg

151 0.4236114216 0.5476963742 0.5711732222 -0.4408437313 3.228882659 -1.003999759 4.818351411 1 back_fisheye_image/00030.jpg

152 -0.5195079185 0.1257380602 0.8178899181 -0.2129731081 2.636036982 0.147648544 -6.049615523 2 frontleft_fisheye_image/00030.jpg

153 -0.5083688399 -0.1665798026 0.8088261269 0.244156893 2.632760545 5.554327382 -2.606852737 3 frontright_fisheye_image/00030.jpg

154 0.6138466934 0.7890797148 0.02009327184 -0.0119038258 -5.38388392 -0.5601000073 3.141527388 4 left_fisheye_image/00030.jpg

155 -0.6147041287 0.7883665268 0.02098038884 0.01329950328 -5.357495776 -1.111878583 -3.246749964 5 right_fisheye_image/00030.jpg

156 0.4230204899 0.5484541259 0.5715806319 -0.4399401302 3.214267647 -1.181519205 5.439123559 1 back_fisheye_image/00031.jpg

157 -0.5203683283 0.1252661481 0.8169669387 -0.2146863201 2.894711938 -0.1741927102 -6.557117051 2 frontleft_fisheye_image/00031.jpg

158 -0.5095299357 -0.1680164472 0.8081362158 0.2430341023 2.883558401 5.876630958 -3.126991606 3 frontright_fisheye_image/00031.jpg

159 0.6100983874 0.7919385864 0.01853575023 -0.01642129566 -6.044978939 -0.5444918802 3.158356854 4 left_fisheye_image/00031.jpg

160 -0.618203535 0.7855546792 0.02468977439 0.0108926737 -6.017206507 -1.137810358 -3.254155996 5 right_fisheye_image/00031.jpg

161 0.4223404098 0.5490270647 0.5724316149 -0.4387709047 3.204502691 -1.396760985 6.140739107 1 back_fisheye_image/00032.jpg

162 -0.520972532 0.125918388 0.816894928 -0.2131076184 3.174968024 -0.4938433571 -7.088956267 2 frontleft_fisheye_image/00032.jpg

163 -0.506425739 -0.1691650486 0.8097547855 0.2433379227 3.197684065 6.215301957 -3.628211406 3 frontright_fisheye_image/00032.jpg

164 0.6135842829 0.7892530883 0.0181362943 -0.01627775169 -6.72611904 -0.5155156438 3.162147234 4 left_fisheye_image/00032.jpg

165 -0.6148359696 0.7882003917 0.02466813056 0.01040943549 -6.70471674 -1.175166964 -3.244506874 5 right_fisheye_image/00032.jpg

166 0.4245093273 0.5466234188 0.5711175198 -0.4413835608 3.196013267 -1.47757967 6.70231342 1 back_fisheye_image/00033.jpg

167 -0.5164393999 0.1241562845 0.820792012 -0.210180961 3.51270747 -0.7317064103 -7.49276997 2 frontleft_fisheye_image/00033.jpg

168 -0.5040101179 -0.166395478 0.810268627 0.248497682 3.502428128 6.423749931 -3.996027445 3 frontright_fisheye_image/00033.jpg

169 0.6115107365 0.7908571317 0.01839948425 -0.01615782695 -7.197597196 -0.5163760895 3.119562117 4 left_fisheye_image/00033.jpg

170 -0.6187202787 0.7851700377 0.02374495075 0.01137567427 -7.182038166 -1.130165068 -3.206419869 5 right_fisheye_image/00033.jpg

171 -0.3895449329 -0.5128688976 0.6064726405 -0.4662737131 -1.721801736 2.252713816 -7.466107405 1 back_fisheye_image/00034.jpg

172 0.2642032974 0.7987832296 -0.2139928837 -0.4963355876 -2.79747506 1.787072293 6.349116201 2 frontleft_fisheye_image/00034.jpg

173 -0.1911012337 0.8201246789 0.07913077774 -0.5334924082 -2.778488038 -4.77324496 4.466814909 3 frontright_fisheye_image/00034.jpg

174 0.05290473492 0.06353882783 0.7854963368 -0.6133183604 7.310109743 0.730822987 -1.695312037 4 left_fisheye_image/00034.jpg

175 -0.05180698398 0.06240698358 0.7874718792 0.6109905435 7.320023835 0.1904173625 1.628229841 5 right_fisheye_image/00034.jpg

176 -0.3974411163 -0.5189343099 0.6007453925 -0.4602746077 -1.847186269 2.081971038 -6.806479285 1 back_fisheye_image/00035.jpg

177 0.2602096127 0.8013609036 -0.1925861662 -0.5030131491 -2.454648818 1.253436304 5.927566997 2 frontleft_fisheye_image/00035.jpg

178 -0.1958464784 0.8200444337 0.1008351997 -0.5282078626 -2.451081968 -4.663006038 3.833718886 3 frontright_fisheye_image/00035.jpg

179 0.03464074054 0.04016688508 0.7938643585 -0.6057772039 6.590924487 0.8681200175 -2.02167499 4 left_fisheye_image/00035.jpg

180 -0.02748402481 0.03448228806 0.7832810193 0.6201019634 6.495223771 0.2243092223 2.073719303 5 right_fisheye_image/00035.jpg

181 -0.4175915225 -0.5465112296 0.5766882418 -0.4408780647 -2.424254533 1.846414836 -5.878406521 1 back_fisheye_image/00036.jpg

182 0.2381775594 0.8083819611 -0.1648693249 -0.5124530816 -2.0676455 0.4170428057 5.433196145 2 frontleft_fisheye_image/00036.jpg

183 -0.2179070403 0.8167726792 0.1277575241 -0.5187262547 -2.076319753 -4.552640101 2.811355518 3 frontright_fisheye_image/00036.jpg

184 0.01548685818 0.02073639144 0.78983654 -0.6127710824 5.693782287 0.8739753584 -2.370894839 4 left_fisheye_image/00036.jpg

185 -0.01857107297 0.01531665287 0.7880793057 0.6151028558 5.6317132 0.3624398952 2.303486978 5 right_fisheye_image/00036.jpg

186 -0.4218916932 -0.5458736723 0.5739356134 -0.4411657792 -2.48250075 1.614508135 -5.1569325 1 back_fisheye_image/00037.jpg

187 0.2379622788 0.8110459936 -0.16041107 -0.5097515462 -1.807567348 0.03060688668 4.908844314 2 frontleft_fisheye_image/00037.jpg

188 -0.2197116025 0.8162818429 0.1325624404 -0.5175306406 -1.765848012 -4.289937923 2.242614541 3 frontright_fisheye_image/00037.jpg

189 0.01329636805 0.01595004545 0.78972428 -0.6131104013 4.947478282 0.9142180774 -2.445878779 4 left_fisheye_image/00037.jpg

190 -0.01527149921 0.01242500772 0.7880955372 0.6152380229 4.948293505 0.3587095235 2.375306074 5 right_fisheye_image/00037.jpg

191 -0.4193590932 -0.5477390023 0.5730767903 -0.4423832374 -2.494718576 1.4421007 -4.514478845 1 back_fisheye_image/00038.jpg

192 0.2351058678 0.8106576051 -0.1659656686 -0.5099165374 -1.510100585 -0.2820364744 4.360617781 2 frontleft_fisheye_image/00038.jpg

193 -0.2220685332 0.8147602353 0.1271964351 -0.5202618499 -1.499749742 -3.957993598 1.757178962 3 frontright_fisheye_image/00038.jpg

194 0.02060689975 0.02291333173 0.7870498171 -0.616119242 4.328191901 0.8864786596 -2.368477622 4 left_fisheye_image/00038.jpg

195 -0.0222974282 0.02671276031 0.790910444 0.6109418325 4.296602756 0.3240922006 2.247572605 5 right_fisheye_image/00038.jpg

196 -0.3508960692 -0.4772094004 0.633826982 -0.4973997324 -1.445970872 1.368126619 -4.318315535 1 back_fisheye_image/00039.jpg

197 0.296591803 0.7812155958 -0.279280893 -0.4730091733 -1.441412387 0.5988203569 3.623832298 2 frontleft_fisheye_image/00039.jpg

198 -0.1540908238 0.8221832891 0.01095380702 -0.5478600836 -1.437280267 -2.899006889 2.210448329 3 frontright_fisheye_image/00039.jpg

199 0.1099718118 0.1379811222 0.76654059 -0.6174811207 4.15370934 0.5348223846 -1.207736194 4 left_fisheye_image/00039.jpg

200 -0.1205857065 0.152054197 0.7810136508 0.5935960629 4.1694063 0.01979934882 0.9535166701 5 right_fisheye_image/00039.jpg

201 -0.1896748127 -0.251040998 0.755060434 -0.5752265848 1.147308308 1.297596112 -3.812327736 1 back_fisheye_image/00040.jpg

202 0.4315083296 0.6637695357 -0.4933932035 -0.3602411856 -1.189019511 2.491310135 1.928467075 2 frontleft_fisheye_image/00040.jpg

203 0.02119340755 0.7922269335 -0.2311446413 -0.5643575817 -1.161013524 -0.5062556661 3.092538153 3 frontright_fisheye_image/00040.jpg

204 0.2755009116 0.3524108743 0.7051870512 -0.5501063953 3.574305796 0.009623379049 1.102061739 4 left_fisheye_image/00040.jpg

205 -0.2758244689 0.3506696573 0.7079482578 0.547504263 3.541870806 -0.5630617438 -1.175855118 5 right_fisheye_image/00040.jpg

206 -0.1917071444 -0.2470565436 0.7522642101 -0.5799224028 1.16621648 1.083946519 -3.157850653 1 back_fisheye_image/00041.jpg

207 0.432580836 0.6643145059 -0.4929140377 -0.358602578 -0.8983308003 2.180549543 1.400189615 2 frontleft_fisheye_image/00041.jpg

208 0.02108424528 0.7922986981 -0.2318610678 -0.5639669076 -0.8680490363 -0.1767382296 2.577517589 3 frontright_fisheye_image/00041.jpg

209 0.2756021334 0.3538346665 0.7061575107 -0.5478923827 2.836211413 0.005674750507 1.114552437 4 left_fisheye_image/00041.jpg

210 -0.2756735417 0.3512363724 0.7068546784 0.5486288114 2.786243058 -0.5663317026 -1.189490461 5 right_fisheye_image/00041.jpg

211 -0.190090877 -0.2484125936 0.7514365857 -0.5809472433 1.174311486 0.8763330062 -2.352434308 1 back_fisheye_image/00042.jpg

212 0.4321093691 0.6632894266 -0.4944921886 -0.3588956746 -0.5378925156 1.806451934 0.7423846666 2 frontleft_fisheye_image/00042.jpg

213 0.02331049322 0.7928455749 -0.2302260768 -0.5637805148 -0.5154688928 0.242889354 1.929397537 3 frontright_fisheye_image/00042.jpg

214 0.2725514252 0.3541118121 0.7085421467 -0.5461580096 1.969313121 -0.02231340235 1.109440522 4 left_fisheye_image/00042.jpg

215 -0.27885987 0.3481285935 0.7073767994 0.5483262888 1.926876757 -0.5456823678 -1.196235228 5 right_fisheye_image/00042.jpg

216 -0.1950289165 -0.2461479388 0.7512223523 -0.5805513684 1.051561523 0.7016876638 -1.732961105 1 back_fisheye_image/00043.jpg

217 0.4364376292 0.6658922146 -0.4890070381 -0.3563451572 -0.2977573822 1.410859336 0.3402991128 2 frontleft_fisheye_image/00043.jpg

218 0.02520082051 0.7967717794 -0.2293199015 -0.5585087582 -0.2977709082 0.3964688865 1.440710321 3 frontright_fisheye_image/00043.jpg

219 0.2719853078 0.3556781062 0.7085975679 -0.5453499462 1.499974218 0.01712934416 0.9839887518 4 left_fisheye_image/00043.jpg

220 -0.2807088046 0.3465332948 0.7048844054 0.5515933445 1.517257207 -0.5167332251 -1.066543887 5 right_fisheye_image/00043.jpg

