# Image list with two lines of data per image:
#   IMAGE_ID QW QX QY QZ TX TY TZ CAMERA_ID NAME
#   POINTS2D[] as (X, Y, POINT3D_ID)
# Number of images: 180, mean observations per image: 0
1 0.4143017023 0.5503844201 0.5731607485 -0.443754263 0.2240303018 -0.02454975305 0.8496945129 1 back_fisheye_image/00000.jpg

2 -0.524242444 0.6595895682 0.4922918714 0.2185410141 -0.5327231819 -0.8128319732 -1.327767653 2 frontleft_fisheye_image/00000.jpg

3 -0.1896582017 0.4469430344 0.6957747331 0.5293101277 1.007488854 -0.8137455969 -1.03487058 3 frontright_fisheye_image/00000.jpg

4 0.6078294344 0.7935542455 0.02439973281 -0.01482198114 -1.159186059 0.1747141068 0.2070556893 4 left_fisheye_image/00000.jpg

5 -0.0168282212 -0.02477578755 0.7836069329 -0.6205345647 1.14510581 0.3169929371 -0.3139758831 5 right_fisheye_image/00000.jpg

6 0.4185964274 0.5474922424 0.5762600302 -0.4392649008 0.2187203017 -0.07769359658 1.042016219 1 back_fisheye_image/00001.jpg

7 -0.5215961543 0.6644132121 0.489461766 0.2166095913 -0.6798852036 -0.9393237232 -1.540190399 2 frontleft_fisheye_image/00001.jpg

8 -0.1889575257 0.4522216789 0.6919310444 0.5301151162 1.13141405 -0.9421449782 -1.26418679 3 frontright_fisheye_image/00001.jpg

9 0.6128306107 0.7897810952 0.02122438045 -0.01529672804 -1.486208388 0.1856210832 0.1983637124 4 left_fisheye_image/00001.jpg

10 -0.01453968384 -0.02432771327 0.7869936161 -0.6163098313 1.508399714 0.3229948152 -0.3023091086 5 right_fisheye_image/00001.jpg

11 0.4319518964 0.5570886744 0.5631778685 -0.4311617522 0.09097128088 -0.1920797521 1.530918971 1 back_fisheye_image/00002.jpg

12 -0.524308553 0.6750525445 0.4760340168 0.2068724687 -0.9887929419 -1.124611962 -1.80722471 2 frontleft_fisheye_image/00002.jpg

13 -0.2008512756 0.4681156647 0.6808856142 0.5262330946 1.220865681 -1.131254848 -1.67691216 3 frontright_fisheye_image/00002.jpg

14 0.6118107801 0.7910030624 0.001100328765 0.0007169009764 -1.889331008 0.218869222 0.05296204571 4 left_fisheye_image/00002.jpg

15 0.003285904628 -0.001620602313 0.7867949171 -0.6172036414 1.884378754 0.2849452074 -0.1450889517 5 right_fisheye_image/00002.jpg

16 0.4342534229 0.5658040982 0.5579693907 -0.4242167444 0.1997001242 -0.2416587691 1.660371508 1 back_fisheye_image/00003.jpg

17 -0.5219234896 0.6826013341 0.4685539119 0.2052036094 -0.9244486698 -1.187173573 -1.984312617 2 frontleft_fisheye_image/00003.jpg

18 -0.1998853714 0.4736565871 0.6743395727 0.530057937 1.417764979 -1.189846359 -1.679690689 3 frontright_fisheye_image/00003.jpg

19 0.6171216524 0.7868546038 -0.003226434726 0.003207601691 -2.02186811 0.1810246235 0.2359308128 4 left_fisheye_image/00003.jpg

20 0.004944177726 -0.0004846269133 0.7901617932 -0.6128781777 2.018502767 0.3476814249 -0.3559832155 5 right_fisheye_image/00003.jpg

21 0.4287409446 0.5509434532 0.5698691447 -0.4334647296 0.514375086 -0.2477774637 1.773691795 1 back_fisheye_image/00004.jpg

22 -0.5172846146 0.6730912783 0.4827845566 0.2151367717 -0.7202298798 -1.237655338 -2.205892206 2 frontleft_fisheye_image/00004.jpg

23 -0.1802827396 0.4481771321 0.6929131664 0.5352632399 1.781944053 -1.23464623 -1.54107011 3 frontright_fisheye_image/00004.jpg

24 0.6157996943 0.7872306104 0.02544998073 -0.02027316031 -2.098468098 0.09997796296 0.5891887564 4 left_fisheye_image/00004.jpg

25 -0.03080702801 -0.04456554387 0.7852943108 -0.6167476669 2.066903317 0.4503927764 -0.7911442558 5 right_fisheye_image/00004.jpg

26 0.1908581893 0.2410737751 0.7570870626 -0.5764336616 2.094282097 0.143053336 0.3320395595 1 back_fisheye_image/00005.jpg

27 -0.368669627 0.3877910487 0.7303484581 0.424607982 1.353294262 -0.5841644922 -1.823959218 2 frontleft_fisheye_image/00005.jpg

28 0.06663028935 0.1067192437 0.8167250484 0.563144389 2.303652567 -0.5735191432 0.4204422016 3 frontright_fisheye_image/00005.jpg

29 0.5457603443 0.7013650392 0.3617971794 -0.2816656339 -0.5134097549 -0.2739489478 2.030449999 4 left_fisheye_image/00005.jpg

30 -0.2809378207 -0.3641347621 0.6988135284 -0.5478498595 0.4484693856 0.7806980467 -2.13515947 5 right_fisheye_image/00005.jpg

31 0.1856525209 0.2426450775 0.7568844506 -0.5777390729 2.04722329 0.203882667 0.02818448184 1 back_fisheye_image/00006.jpg

32 -0.3700715594 0.3859204289 0.7305332964 0.4247747243 1.435602699 -0.4663647546 -1.587446153 2 frontleft_fisheye_image/00006.jpg

33 0.06553499388 0.1050450661 0.8176071502 0.5623070749 2.129680295 -0.4557875507 0.6004631041 3 frontright_fisheye_image/00006.jpg

34 0.5475310034 0.6994205751 0.363750173 -0.280546736 -0.2840905717 -0.2537113826 1.976545904 4 left_fisheye_image/00006.jpg

35 -0.2815660425 -0.3647509253 0.7001325721 -0.5454280041 0.258431451 0.7688436105 -2.075498072 5 right_fisheye_image/00006.jpg

36 0.5010111962 0.6582738224 0.4446834063 -0.3433948517 0.1085429674 -0.1989764555 1.51113846 1 back_fisheye_image/00007.jpg

37 -0.5580055637 0.7502933016 0.3390780758 0.1035172012 -0.9428465744 -1.091281311 -1.78047694 2 frontleft_fisheye_image/00007.jpg

38 -0.298351364 0.5849515462 0.5828357244 0.47866551 1.208461024 -1.077304853 -1.578848287 3 frontright_fisheye_image/00007.jpg

39 0.5986311417 0.7791580472 -0.1448426761 0.1165079093 -1.783839559 0.1986864605 0.09090728349 4 left_fisheye_image/00007.jpg

40 0.1148750126 0.1435861141 0.7727912633 -0.6074375875 1.73179856 0.28998417 -0.2010183455 5 right_fisheye_image/00007.jpg

41 0.5019491622 0.6581243677 0.4480068341 -0.3379485637 0.1227031582 -0.1148401455 1.153511328 1 back_fisheye_image/00008.jpg

42 -0.5549457946 0.7531258458 0.3362392214 0.1085348398 -0.7688772025 -0.9404949182 -1.526021925 2 frontleft_fisheye_image/00008.jpg

43 -0.2972265188 0.5844903713 0.5793079858 0.4841793675 1.074365509 -0.9358738111 -1.326376718 3 frontright_fisheye_image/00008.jpg

44 0.6033615061 0.7756016592 -0.1429518714 0.1181597296 -1.459041159 0.1873964528 0.1090783089 4 left_fisheye_image/00008.jpg

45 0.1128123784 0.1447013881 0.7749636695 -0.6047860667 1.440681469 0.2853276297 -0.2207795479 5 right_fisheye_image/00008.jpg

46 0.596788839 0.7819962465 -0.1451064715 0.106155848 -1.529395095 0.3157155386 -0.363422841 1 back_fisheye_image/00009.jpg

47 -0.4712296003 0.7726489594 -0.2847725273 -0.3160076849 -1.436892547 -0.2712374716 0.5859383136 2 frontleft_fisheye_image/00009.jpg

48 -0.545029529 0.8278893492 0.006453558887 0.1322890382 -1.138985029 -0.267647935 -0.9332649826 3 frontright_fisheye_image/00009.jpg

49 -0.346972249 -0.4539735555 0.6508762658 -0.4998783411 0.178140519 0.6339369545 -1.497385306 4 left_fisheye_image/00009.jpg

50 0.5086532853 0.6429571306 0.4515501897 -0.3521084914 -0.2361989265 -0.1069717412 1.406233509 5 right_fisheye_image/00009.jpg

51 0.5961313768 0.7827919107 -0.141352567 0.109012192 -1.501141619 0.3665245463 -0.6259416178 1 back_fisheye_image/00010.jpg

52 -0.4679021342 0.7739820778 -0.287967789 -0.3147918177 -1.300259208 -0.1577451554 0.7667029796 2 frontleft_fisheye_image/00010.jpg

53 -0.5479800357 0.8255006582 0.001205101946 0.1351484055 -1.210238579 -0.1669067456 -0.7722740895 3 frontright_fisheye_image/00010.jpg

54 -0.3465525609 -0.4512413093 0.6500865598 -0.5036566966 0.3866540282 0.6184126692 -1.478479401 4 left_fisheye_image/00010.jpg

55 0.5094299819 0.6475536969 0.4477181704 -0.3474244423 -0.4116456028 -0.1131254694 1.380220513 5 right_fisheye_image/00010.jpg

56 0.5583466011 0.7302514696 -0.3105224147 0.2419869709 -1.218832653 0.4669897444 -1.03553626 1 back_fisheye_image/00011.jpg

57 -0.3881782985 0.6919254273 -0.4527423192 -0.406916704 -0.8921689811 0.008485300082 0.8858242038 2 frontleft_fisheye_image/00011.jpg

58 -0.5659697109 0.8041278805 -0.1812682068 0.01408812722 -1.13188423 0.001414086113 -0.3554479272 3 frontright_fisheye_image/00011.jpg

59 -0.2277840136 -0.2969242578 0.7308188393 -0.5708364498 0.6873936124 0.5278070616 -1.200157718 4 left_fisheye_image/00011.jpg

60 0.5683317974 0.7321688959 0.2967772179 -0.2298933642 -0.6267709669 -0.0665221883 1.094283346 5 right_fisheye_image/00011.jpg

61 0.5602079451 0.7283770625 -0.3169173341 0.2349410915 -1.25320167 0.3714564337 -0.5609850292 1 back_fisheye_image/00012.jpg

62 -0.3876792871 0.6904696926 -0.4481928203 -0.4148247459 -1.129312018 -0.2113312657 0.5674373594 2 frontleft_fisheye_image/00012.jpg

63 -0.5636650529 0.8065902084 -0.17786465 0.007622999907 -0.9534218862 -0.2201146941 -0.7192461229 3 frontright_fisheye_image/00012.jpg

64 -0.2255435397 -0.2985186268 0.7341324611 -0.5666271003 0.2777808346 0.5616665781 -1.236231817 4 left_fisheye_image/00012.jpg

65 0.5732568749 0.7281318644 0.2964994868 -0.2308432321 -0.2814112696 -0.04744410815 1.14286001 5 right_fisheye_image/00012.jpg

66 0.557226976 0.7308999089 -0.3116459181 0.2411643467 -1.284206293 0.3953261201 -0.7214940934 1 back_fisheye_image/00013.jpg

67 -0.3893586169 0.6911402295 -0.4538138568 -0.4059286071 -1.046880572 -0.08867905564 0.7484482233 2 frontleft_fisheye_image/00013.jpg

68 -0.5675436676 0.8029427144 -0.1815665201 0.01451831902 -1.07929809 -0.09622659902 -0.5549899295 3 frontright_fisheye_image/00013.jpg

69 -0.2264693244 -0.2962138339 0.7299953564 -0.5727790057 0.5551984608 0.5483836058 -1.25543816 4 left_fisheye_image/00013.jpg

70 0.5685779999 0.7325101905 0.2963278784 -0.2287742714 -0.5638063361 -0.06790114259 1.151329884 5 right_fisheye_image/00013.jpg

71 0.5547499044 0.7326556404 -0.312789992 0.2400639022 -1.271215965 0.49285604 -1.075236011 1 back_fisheye_image/00014.jpg

72 -0.3911611948 0.6880943201 -0.4532782432 -0.4099487292 -0.8751310644 0.03566639211 0.9929204635 2 frontleft_fisheye_image/00014.jpg

73 -0.5686526566 0.8019930199 -0.182296225 0.01447198799 -1.215681431 0.04601898855 -0.2870464388 3 frontright_fisheye_image/00014.jpg

74 -0.2264236115 -0.2947557669 0.7287879145 -0.5750822217 0.8603153033 0.5349794351 -1.227951551 4 left_fisheye_image/00014.jpg

75 0.5668596357 0.7344486199 0.2958871768 -0.2273898782 -0.869633266 -0.06984724772 1.120849464 5 right_fisheye_image/00014.jpg

76 -0.1319235712 -0.1690225072 0.7749715321 -0.5945138247 1.051832602 0.5898536726 -1.473624939 1 back_fisheye_image/00015.jpg

77 -0.1105564317 -0.03723977067 0.8243055148 0.553995391 1.308124972 0.2396180796 0.1476654323 2 frontleft_fisheye_image/00015.jpg

78 0.3343886331 -0.3247531914 0.7609455068 0.4513109155 0.4971715911 0.2732902228 1.310536789 3 frontright_fisheye_image/00015.jpg

79 0.327237367 0.4245022544 0.6692203262 -0.5146432713 1.351257435 -0.03776638721 0.9915797908 4 left_fisheye_image/00015.jpg

80 0.5175217435 0.6677292874 -0.4196292873 0.3319941338 -1.422328482 0.4894973078 -1.102042637 5 right_fisheye_image/00015.jpg

81 -0.1115342847 -0.1481506937 0.7807734549 -0.5966609485 1.185799809 0.6544345363 -1.683119224 1 back_fisheye_image/00016.jpg

82 -0.1226249364 -0.010307808 0.8254701742 0.5508682833 1.507197728 0.3029381946 0.220371269 2 frontleft_fisheye_image/00016.jpg

83 0.3165761124 -0.2878048865 0.773363152 0.4678219185 0.6002208392 0.3018719648 1.476333761 3 frontright_fisheye_image/00016.jpg

84 0.3640378783 0.4661422453 0.63739912 -0.4938726477 1.388612173 -0.08166172139 1.219072879 4 left_fisheye_image/00016.jpg

85 0.4952264667 0.6377449336 -0.4633575442 0.3651464536 -1.406538786 0.5439824829 -1.324313516 5 right_fisheye_image/00016.jpg

86 0.1724483191 0.2347255603 0.7586962348 -0.5827053388 1.667045022 0.1771996382 -0.003743361647 1 back_fisheye_image/00017.jpg

87 -0.3666588094 0.3738874199 0.7339757964 0.4324916705 1.05245972 -0.4646608095 -1.469208523 2 frontleft_fisheye_image/00017.jpg

88 0.07016385031 0.09069852212 0.8187729918 0.562549198 1.850200773 -0.4558552371 0.3132448951 3 frontright_fisheye_image/00017.jpg

89 0.5381479311 0.6976053285 0.3748734226 -0.2884675493 -0.4385698811 -0.2068544763 1.591248222 4 left_fisheye_image/00017.jpg

90 -0.2878231728 -0.3769972398 0.6929043736 -0.5430602466 0.4799031034 0.6512158226 -1.711484898 5 right_fisheye_image/00017.jpg

91 0.1799927134 0.2317780476 0.7587633461 -0.5815150422 1.682463067 0.01005171701 0.7203993869 1 back_fisheye_image/00018.jpg

92 -0.3631295389 0.3756552001 0.7376929353 0.4275853621 0.7546752774 -0.7822893335 -2.00885579 2 frontleft_fisheye_image/00018.jpg

93 0.07817343243 0.09355025346 0.8197158519 0.5596455903 2.220163002 -0.7980977035 -0.2259665168 3 frontright_fisheye_image/00018.jpg

94 0.5431915762 0.6930285021 0.3724417663 -0.2931578714 -1.114529059 -0.1762373304 1.621252384 4 left_fisheye_image/00018.jpg

95 -0.2878209132 -0.3779298646 0.6939128341 -0.5411220916 1.136929192 0.672189785 -1.72555259 5 right_fisheye_image/00018.jpg

96 0.1839178239 0.2289195849 0.7642547009 -0.5741818614 1.735029874 0.05753395037 0.5991866068 1 back_fisheye_image/00019.jpg

97 -0.364292971 0.3756788913 0.7343085251 0.4323736716 0.8970445371 -0.686399643 -1.878227719 2 frontleft_fisheye_image/00019.jpg

98 0.07245198917 0.09235695493 0.817722337 0.5635167094 2.145813588 -0.6786597285 -0.01066566964 3 frontright_fisheye_image/00019.jpg

99 0.5418453734 0.6952177988 0.3751488917 -0.2869479266 -0.8424214189 -0.2090109082 1.668059584 4 left_fisheye_image/00019.jpg

100 -0.2903780852 -0.3743276318 0.694397483 -0.5416378193 0.8097977942 0.6724506943 -1.782062152 5 right_fisheye_image/00019.jpg

101 0.5172998224 0.6731304619 0.421209801 -0.3191842393 -0.6236969126 -0.250561459 1.628853925 1 back_fisheye_image/00020.jpg

102 -0.5574245025 0.766261521 0.3079425533 0.08539665894 -1.642356058 -1.144734854 -1.542073109 2 frontleft_fisheye_image/00020.jpg

103 -0.3143140723 0.6076724552 0.5562166746 0.4717667454 0.7051527048 -1.15455965 -2.127250657 3 frontright_fisheye_image/00020.jpg

104 0.5988184377 0.7690315664 -0.1740468555 0.1404087627 -1.996928486 0.3589102133 -0.6087056006 4 left_fisheye_image/00020.jpg

105 0.1395227151 0.1754938379 0.7695945476 -0.5978792162 1.991917477 0.1039678692 0.4987344036 5 right_fisheye_image/00020.jpg

106 0.578769276 0.7633013156 0.2278601557 -0.1745765626 -1.668083928 -0.1505148648 1.244127459 1 back_fisheye_image/00021.jpg

107 -0.5619554577 0.8188505154 0.09695011306 -0.06550246181 -2.385068253 -0.9916356196 -0.7045603358 2 frontleft_fisheye_image/00021.jpg

108 -0.4277623332 0.7322732699 0.3787894857 0.3705587268 -0.386937838 -1.002493842 -2.400076647 3 frontright_fisheye_image/00021.jpg

109 0.5365209655 0.6996786509 -0.3723192471 0.2897816718 -1.651358027 0.6539614258 -1.65491732 4 left_fisheye_image/00021.jpg

110 0.2928835801 0.3684628684 0.693397505 -0.5455769636 1.67463687 -0.1426170095 1.559777419 5 right_fisheye_image/00021.jpg

111 0.5792023974 0.7630460163 0.2229904574 -0.1804456035 -1.680142923 -0.175124919 1.468051773 1 back_fisheye_image/00022.jpg

112 -0.5649893035 0.8157311707 0.1001076853 -0.07313135745 -2.461090291 -1.099059402 -0.8368145888 2 frontleft_fisheye_image/00022.jpg

113 -0.4284993153 0.7336721125 0.3830074639 0.36251738 -0.3027743606 -1.111583808 -2.530087444 3 frontright_fisheye_image/00022.jpg

114 0.5325625373 0.7021828055 -0.3732491584 0.2898301526 -1.799741422 0.6549253006 -1.636743127 4 left_fisheye_image/00022.jpg

115 0.2956748784 0.3673265464 0.6904319523 -0.5485902786 1.785521907 -0.1174555789 1.540110755 5 right_fisheye_image/00022.jpg

116 0.5810683577 0.7615925849 0.2316488672 -0.1693372394 -1.567885507 -0.2655410145 1.617975229 1 back_fisheye_image/00023.jpg

117 -0.5615584112 0.819761423 0.09380009659 -0.06200727384 -2.455278532 -1.134951137 -1.065905247 2 frontleft_fisheye_image/00023.jpg

118 -0.4288867964 0.7313152014 0.3758259673 0.3741510851 -0.09674780607 -1.146555262 -2.627970943 3 frontright_fisheye_image/00023.jpg

119 0.5408593737 0.6956903026 -0.3689943018 0.2955153903 -2.014788928 0.5772354868 -1.520634093 4 left_fisheye_image/00023.jpg

120 0.2881274494 0.3729760731 0.6969393433 -0.5405062198 2.006684933 -0.1403123669 1.397020993 5 right_fisheye_image/00023.jpg

121 0.5835407206 0.7597121087 0.2313155227 -0.1697376452 -1.394572982 -0.3728933352 2.034623981 1 back_fisheye_image/00024.jpg

122 -0.5573895909 0.8227259832 0.09339288817 -0.06096366824 -2.515290579 -1.330760203 -1.506896334 2 frontleft_fisheye_image/00024.jpg

123 -0.4255934731 0.7332691945 0.3734647118 0.3764446746 0.2681747113 -1.340540532 -2.878292478 3 frontright_fisheye_image/00024.jpg

124 0.5439929634 0.6934025044 -0.3703051598 0.2934939714 -2.49855749 0.5433796609 -1.34742824 4 left_fisheye_image/00024.jpg

125 0.2898903083 0.3713114211 0.6993855696 -0.5375418707 2.491008116 -0.08236711934 1.228163165 5 right_fisheye_image/00024.jpg

126 0.582924504 0.7603538582 0.2280236023 -0.1733962795 -1.380695753 -0.5131780931 2.63900816 1 back_fisheye_image/00025.jpg

127 -0.5586850763 0.821212198 0.09615725398 -0.06507913542 -2.778387567 -1.608012419 -1.970004502 2 frontleft_fisheye_image/00025.jpg

128 -0.42538375 0.7338654358 0.3765945732 0.3723797992 0.5783318398 -1.62666269 -3.332619979 3 frontright_fisheye_image/00025.jpg

129 0.5417513336 0.6954923898 -0.3713513493 0.2913657558 -3.063008767 0.5578561089 -1.328425548 4 left_fisheye_image/00025.jpg

130 0.290904387 0.3704095782 0.6980571479 -0.5393399673 3.063987723 -0.05850487389 1.208139884 5 right_fisheye_image/00025.jpg

131 0.5815900777 0.7611746115 0.2271394796 -0.1754247676 -1.371582594 -0.5550467382 2.832608189 1 back_fisheye_image/00026.jpg

132 -0.5636235803 0.8174857013 0.09697693203 -0.06812534452 -2.884563517 -1.69458651 -2.137253841 2 frontleft_fisheye_image/00026.jpg

133 -0.428876556 0.7326102774 0.3796095271 0.3677549294 0.6660383204 -1.706747743 -3.492312015 3 frontright_fisheye_image/00026.jpg

134 0.5362306687 0.6993703244 -0.37163875 0.2919288592 -3.262024991 0.5548974107 -1.341580155 4 left_fisheye_image/00026.jpg

135 0.2921609986 0.3697988941 0.6925432026 -0.5461452566 3.306630293 -0.06325622492 1.232308465 5 right_fisheye_image/00026.jpg

136 0.5829680395 0.7604018564 0.2253042165 -0.176565262 -1.418808064 -0.6423004777 3.203078955 1 back_fisheye_image/00027.jpg

137 -0.5600016512 0.8200137294 0.09690070156 -0.06771918678 -3.087754576 -1.862895473 -2.402386941 2 frontleft_fisheye_image/00027.jpg

138 -0.4258830784 0.7345614682 0.3778461148 0.3691549357 0.8098265658 -1.875791236 -3.791628053 3 frontright_fisheye_image/00027.jpg

139 0.539938981 0.6963407254 -0.3725347533 0.2911929747 -3.675150011 0.5678004811 -1.375150651 4 left_fisheye_image/00027.jpg

140 0.2926152702 0.3696601162 0.6961964701 -0.5413300076 3.666677953 -0.06142515162 1.2636697 5 right_fisheye_image/00027.jpg

141 0.5836482738 0.7598558138 0.2296498179 -0.1709818587 -1.373147974 -0.7334459842 3.446261745 1 back_fisheye_image/00028.jpg

142 -0.5593266044 0.820623474 0.09673341808 -0.06613251399 -3.148108211 -1.961292779 -2.606091722 2 frontleft_fisheye_image/00028.jpg

143 -0.4258640512 0.7335627084 0.3784553236 0.3705362746 0.9743135733 -1.974870764 -3.940187785 3 frontright_fisheye_image/00028.jpg

144 0.5398871568 0.6972655015 -0.3714511311 0.2904595248 -3.865701216 0.5586793714 -1.315210863 4 left_fisheye_image/00028.jpg

145 0.2924884429 0.3691505667 0.6953754224 -0.5427995871 3.853781261 -0.04026412055 1.214169523 5 right_fisheye_image/00028.jpg

146 0.5855089247 0.7584628697 0.2296757181 -0.1707701346 -1.425746899 -0.6611153279 3.24644958 1 back_fisheye_image/00029.jpg

147 -0.5580403557 0.8216068681 0.09609494021 -0.06571817194 -3.084300871 -1.870151935 -2.392903426 2 frontleft_fisheye_image/00029.jpg

148 -0.4269078109 0.7335387246 0.3771293448 0.3707345651 0.8016335335 -1.863974089 -3.782019856 3 frontright_fisheye_image/00029.jpg

149 0.5396330994 0.6966671351 -0.3716346801 0.292127858 -3.612625536 0.5692503431 -1.37738639 4 left_fisheye_image/00029.jpg

150 0.2907760465 0.3703993651 0.695286684 -0.5429825303 3.586317209 -0.07082795012 1.262137275 5 right_fisheye_image/00029.jpg

151 0.5831571253 0.7604152131 0.2260692055 -0.1748976421 -1.466913866 -0.5902272181 3.003961752 1 back_fisheye_image/00030.jpg

152 -0.5605039267 0.8196366481 0.09693983988 -0.06807187918 -3.003759845 -1.756173214 -2.171119274 2 frontleft_fisheye_image/00030.jpg

153 -0.426278942 0.7344191351 0.3779578106 0.3688667659 0.6445726605 -1.77109403 -3.617927124 3 frontright_fisheye_image/00030.jpg

154 0.5387047064 0.6972169903 -0.3730748706 0.2906902968 -3.369734306 0.5923981651 -1.419162391 4 left_fisheye_image/00030.jpg

155 0.2925293214 0.370316596 0.6957411964 -0.5415130677 3.303399793 -0.07601884872 1.314295137 5 right_fisheye_image/00030.jpg

156 0.5816270558 0.761716678 0.2281332871 -0.1716183954 -1.458657099 -0.5218134897 2.622194526 1 back_fisheye_image/00031.jpg

157 -0.5608832067 0.8199445433 0.0943313828 -0.06482718991 -2.836147291 -1.578327133 -1.907593282 2 frontleft_fisheye_image/00031.jpg

158 -0.4280504234 0.7329281306 0.3760180174 0.3717521231 0.4852235147 -1.59269793 -3.350206072 3 frontright_fisheye_image/00031.jpg

159 0.53910965 0.6972639115 -0.3712471523 0.2921632675 -2.93604283 0.5720236832 -1.407485442 4 left_fisheye_image/00031.jpg

160 0.2911650248 0.3702241612 0.6955884671 -0.5425068508 2.924490666 -0.08062787178 1.294295256 5 right_fisheye_image/00031.jpg

161 0.5807525875 0.7621646107 0.2284456455 -0.1721746942 -1.448349674 -0.4187861557 2.224428137 1 back_fisheye_image/00032.jpg

162 -0.5614291699 0.8193341551 0.09555711313 -0.06601263193 -2.613185245 -1.389150751 -1.556026704 2 frontleft_fisheye_image/00032.jpg

163 -0.4279576223 0.7329524183 0.3772320593 0.3705792756 0.2728079478 -1.40232192 -2.994593018 3 frontright_fisheye_image/00032.jpg

164 0.5391974404 0.6964040432 -0.3711220581 0.2942039206 -2.507915734 0.565489226 -1.412920293 4 left_fisheye_image/00032.jpg

165 0.2904391469 0.3720696093 0.6954359315 -0.5418285457 2.462130038 -0.09457198455 1.294636265 5 right_fisheye_image/00032.jpg

166 0.5791937052 0.7636179324 0.2274041416 -0.1723649081 -1.438086822 -0.2956186266 1.754227768 1 back_fisheye_image/00033.jpg

167 -0.5626366317 0.8186866814 0.09412363993 -0.06582460638 -2.385832193 -1.177453245 -1.189421733 2 frontleft_fisheye_image/00033.jpg

168 -0.4297522412 0.7323124883 0.3767429027 0.3702650617 0.04780629917 -1.190195928 -2.625539239 3 frontright_fisheye_image/00033.jpg

169 0.538988021 0.6968507571 -0.3707910451 0.293947166 -2.036014627 0.5598330789 -1.403203628 4 left_fisheye_image/00033.jpg

170 0.2902539083 0.3718869071 0.6954243898 -0.5420679986 2.026307465 -0.09960604145 1.285365141 5 right_fisheye_image/00033.jpg

171 0.5805573795 0.7625631871 0.2272569481 -0.1726406507 -1.426101041 -0.1725761668 1.330757311 1 back_fisheye_image/00034.jpg

172 -0.5618631437 0.81919521 0.09463329871 -0.06537242882 -2.170505584 -0.9957828452 -0.8547928038 2 frontleft_fisheye_image/00034.jpg

173 -0.4287616986 0.7325971528 0.3767401009 0.3708526848 -0.153883245 -1.008443633 -2.28266449 3 frontright_fisheye_image/00034.jpg

174 0.539115176 0.6967409585 -0.3709330462 0.2937950629 -1.636433001 0.5627786607 -1.393132123 4 left_fisheye_image/00034.jpg

175 0.2905992182 0.3711038313 0.6956256225 -0.5421614465 1.553261643 -0.09563472803 1.274726854 5 right_fisheye_image/00034.jpg

176 0.5810671455 0.7622059985 0.2258719111 -0.1743125587 -1.439834713 -0.0763116113 1.003130236 1 back_fisheye_image/00035.jpg

177 -0.561961832 0.8188026109 0.09582202756 -0.06767069344 -2.039160638 -0.8733298075 -0.605574974 2 frontleft_fisheye_image/00035.jpg

178 -0.4279760608 0.7333508493 0.377824076 0.3691639077 -0.3200627662 -0.8826056574 -2.050213656 3 frontright_fisheye_image/00035.jpg

179 0.5385085709 0.697100673 -0.3719172744 0.2928083191 -1.328147913 0.5708165241 -1.407254732 4 left_fisheye_image/00035.jpg

180 0.2916326262 0.3710805502 0.69499891 -0.5424261717 1.31942796 -0.09962393623 1.294553825 5 right_fisheye_image/00035.jpg

