# Image list with two lines of data per image:
#   IMAGE_ID QW QX QY QZ TX TY TZ CAMERA_ID NAME
#   POINTS2D[] as (X, Y, POINT3D_ID)
# Number of images: 90, mean observations per image: 0
1 0.5764528719 0.7535536682 0.250598914 -0.1925075059 -0.8329061602 0.1488356622 0.1944888819 1 back_fisheye_image/00000.jpg

2 -0.5624355866 0.8162625396 0.1222379132 -0.04939200269 -1.127404374 -0.5233495092 -0.2607214928 2 frontleft_fisheye_image/00000.jpg

3 -0.4148326528 0.7216599895 0.4005663459 0.3829717121 -0.2144132787 -0.5295380493 -1.082474791 3 frontright_fisheye_image/00000.jpg

4 0.5481061965 0.7083178485 -0.3502503706 0.2742081339 -0.4877926688 0.4364430178 -0.8209164106 4 left_fisheye_image/00000.jpg

5 0.2752291244 0.347662529 0.7069218788 -0.5510364346 0.4770286397 0.05127568371 0.7152201604 5 right_fisheye_image/00000.jpg

6 0.5722816751 0.7571223254 0.24632362 -0.1964284677 -0.8372976261 0.1053173477 0.3776079396 1 back_fisheye_image/00001.jpg

7 -0.5663352439 0.8130767251 0.1230622773 -0.05501187676 -1.230494423 -0.6184916822 -0.4135547245 2 frontleft_fisheye_image/00001.jpg

8 -0.4172596068 0.7219431163 0.4032505862 0.3769370268 -0.1182506808 -0.6319563942 -1.256851414 3 frontright_fisheye_image/00001.jpg

9 0.543322014 0.7114774109 -0.3516546744 0.2737518455 -0.7266429642 0.4445389263 -0.8315206123 4 left_fisheye_image/00001.jpg

10 0.2757745054 0.3474937348 0.7037272427 -0.5549454877 0.7309762353 0.0546905504 0.7265721531 5 right_fisheye_image/00001.jpg

11 0.5728517905 0.7525260124 0.2621009515 -0.191959678 -0.807884503 0.01300530707 0.6161280064 1 back_fisheye_image/00002.jpg

12 -0.5617271232 0.8164856109 0.1283818547 -0.03649637807 -1.3191173 -0.7055641105 -0.6496421091 2 frontleft_fisheye_image/00002.jpg

13 -0.4101442178 0.7145934153 0.406842672 0.394483221 0.05870614899 -0.7207809122 -1.438350984 3 frontright_fisheye_image/00002.jpg

14 0.5557213013 0.7111386057 -0.3361195578 0.2692199133 -0.9900974053 0.4071140737 -0.7786386954 4 left_fisheye_image/00002.jpg

15 0.2627548582 0.3393253245 0.7149441703 -0.5519719577 0.9793848493 0.05128343482 0.6638343958 5 right_fisheye_image/00002.jpg

16 0.5599296942 0.7417232253 0.2894021687 -0.2292853664 -0.719350322 -0.05435003987 0.9469313611 1 back_fisheye_image/00003.jpg

17 -0.5701130586 0.8026342064 0.1745224831 -0.01706851014 -1.389771627 -0.8615177118 -0.9518146084 2 frontleft_fisheye_image/00003.jpg

18 -0.3943296296 0.6932522661 0.4487956208 0.4030979155 0.2821128128 -0.8672553952 -1.627357544 3 frontright_fisheye_image/00003.jpg

19 0.5603066278 0.7349440927 -0.2993930217 0.2372287545 -1.31244729 0.3926118516 -0.679465992 4 left_fisheye_image/00003.jpg

20 0.2350872618 0.2992358043 0.7250050077 -0.5740728627 1.301384619 0.08916180638 0.5694557738 5 right_fisheye_image/00003.jpg

21 0.5553472172 0.7273342225 0.3251539171 -0.2384309697 -0.5885496268 -0.1563950483 1.238694784 1 back_fisheye_image/00004.jpg

22 -0.5646038514 0.8024487089 0.1929110762 0.009158450316 -1.432148017 -0.9711319691 -1.250928165 2 frontleft_fisheye_image/00004.jpg

23 -0.3806461048 0.6793119068 0.4622915347 0.4241820519 0.5360662357 -0.9830081506 -1.808915484 3 frontright_fisheye_image/00004.jpg

24 0.5731231623 0.7356877975 -0.2802149982 0.2275365032 -1.599123744 0.3518483155 -0.5841096461 4 left_fisheye_image/00004.jpg

25 0.2204917573 0.2826824143 0.7386941046 -0.5707933579 1.601081782 0.1119616925 0.4649612162 5 right_fisheye_image/00004.jpg

26 0.5525202326 0.7320045867 0.3135657433 -0.2461040476 -0.6285614849 -0.2021322582 1.467176904 1 back_fisheye_image/00005.jpg

27 -0.5695905756 0.7985737864 0.1945402719 -0.0007525983228 -1.573151692 -1.083202659 -1.412887051 2 frontleft_fisheye_image/00005.jpg

28 -0.3832027805 0.6802413436 0.4658916563 0.4163800045 0.6234040728 -1.093483246 -2.010649903 3 frontright_fisheye_image/00005.jpg

29 0.5662901512 0.7398470641 -0.2852852398 0.2248424301 -1.855767863 0.3748148137 -0.6145299522 4 left_fisheye_image/00005.jpg

30 0.226915226 0.2834884311 0.7349390775 -0.5727201253 1.854323742 0.1201491915 0.5148429536 5 right_fisheye_image/00005.jpg

31 0.5555810392 0.7274645269 0.3241150251 -0.2389027448 -0.5829424315 -0.2909760233 1.735708957 1 back_fisheye_image/00006.jpg

32 -0.5651764749 0.8020151805 0.1930956351 0.007828041013 -1.670196365 -1.188651759 -1.654943255 2 frontleft_fisheye_image/00006.jpg

33 -0.3794666614 0.6804071458 0.462730514 0.4230031208 0.7884524273 -1.20640469 -2.203286935 3 frontright_fisheye_image/00006.jpg

34 0.5729582943 0.7357719197 -0.2816464893 0.2259064635 -2.118252288 0.3525689588 -0.5793331543 4 left_fisheye_image/00006.jpg

35 0.2245829005 0.2780895634 0.7369521528 -0.5736987363 2.126271857 0.142850218 0.4589706403 5 right_fisheye_image/00006.jpg

36 0.5531063446 0.7310270304 0.3165491598 -0.2438636543 -0.6322459315 -0.355751556 2.008228702 1 back_fisheye_image/00007.jpg

37 -0.5679574491 0.7998069521 0.1942456675 0.001340140409 -1.837426801 -1.316187717 -1.845385261 2 frontleft_fisheye_image/00007.jpg

38 -0.3821010839 0.6808776996 0.4648316225 0.4175354866 0.8790565222 -1.322718305 -2.429527851 3 frontright_fisheye_image/00007.jpg

39 0.5710767831 0.7353121189 -0.2879140375 0.2242607913 -2.399246482 0.3923409972 -0.6270023834 4 left_fisheye_image/00007.jpg

40 0.2281533459 0.2827273962 0.7366352898 -0.5704206518 2.407478637 0.1386635513 0.5240827007 5 right_fisheye_image/00007.jpg

41 0.5569291144 0.7281010734 0.3147628999 -0.2462175972 -0.6236103824 -0.3958614972 2.286656492 1 back_fisheye_image/00008.jpg

42 -0.5676793664 0.7998761895 0.194688444 -0.005884562605 -1.97218677 -1.463366534 -2.047095799 2 frontleft_fisheye_image/00008.jpg

43 -0.3848937531 0.6862281166 0.4626511688 0.4085360043 0.9846465231 -1.473749577 -2.673269238 3 frontright_fisheye_image/00008.jpg

44 0.5617621142 0.7362491626 -0.2953310321 0.2348192476 -2.709105874 0.3849705789 -0.7040523291 4 left_fisheye_image/00008.jpg

45 0.2317599381 0.2961031892 0.7266962467 -0.5749111214 2.69863564 0.08513309699 0.5877066806 5 right_fisheye_image/00008.jpg

46 0.5713067876 0.7503090426 0.2693705577 -0.1951522423 -1.033030553 -0.4954163173 2.44074527 1 back_fisheye_image/00009.jpg

47 -0.5642858242 0.8147597994 0.1285150954 -0.03509769293 -2.422475181 -1.495551279 -2.007405943 2 frontleft_fisheye_image/00009.jpg

48 -0.4130846491 0.7128861816 0.4068633403 0.394482683 0.758865453 -1.505049461 -3.023052306 3 frontright_fisheye_image/00009.jpg

49 0.5534965711 0.711191041 -0.3374986659 0.2719255404 -2.878322507 0.4516047669 -1.033242406 4 left_fisheye_image/00009.jpg

50 0.2667677688 0.3373542524 0.7131918344 -0.5535200748 2.890394264 0.02627641009 0.9051091939 5 right_fisheye_image/00009.jpg

51 0.5748163268 0.7509302157 0.2571039721 -0.1989662007 -1.092884344 -0.513860294 2.710391355 1 back_fisheye_image/00010.jpg

52 -0.5613410834 0.8160020908 0.1310553836 -0.04314234884 -2.556317428 -1.654572289 -2.166311804 2 frontleft_fisheye_image/00010.jpg

53 -0.4087983336 0.7170524125 0.4069979879 0.3912446779 0.8639193024 -1.667899438 -3.230155015 3 frontright_fisheye_image/00010.jpg

54 0.5550526194 0.7098557072 -0.340617071 0.2683309067 -3.141188411 0.4932613651 -1.037985626 4 left_fisheye_image/00010.jpg

55 0.2645107213 0.3416257941 0.7154509173 -0.5490499795 3.161522799 0.006760499627 0.9242903667 5 right_fisheye_image/00010.jpg

56 0.5699583386 0.7538471669 0.2558750834 -0.2034450367 -1.087946953 -0.606806233 3.004495864 1 back_fisheye_image/00011.jpg

57 -0.568051636 0.810793355 0.1332448007 -0.04666151903 -2.69372806 -1.758870287 -2.393171443 2 frontleft_fisheye_image/00011.jpg

58 -0.4137121887 0.7161829484 0.4120166043 0.3823173121 0.9823910932 -1.779362231 -3.45714172 3 frontright_fisheye_image/00011.jpg

59 0.5466398018 0.7152767915 -0.3422370595 0.2691427758 -3.437471203 0.4855986202 -1.067262018 4 left_fisheye_image/00011.jpg

60 0.268719795 0.3408035536 0.7071784721 -0.5581587751 3.427815122 0.009827509887 0.9538529004 5 right_fisheye_image/00011.jpg

61 0.5707024472 0.7480456946 0.2690665143 -0.2057415038 -0.9886471988 -0.6855608207 3.27512683 1 back_fisheye_image/00012.jpg

62 -0.5646655445 0.8114920613 0.1466959746 -0.0333728683 -2.714988951 -1.891735184 -2.706581246 2 frontleft_fisheye_image/00012.jpg

63 -0.4043541635 0.7094083 0.4219105963 0.3939911459 1.245267668 -1.899753997 -3.60125213 3 frontright_fisheye_image/00012.jpg

64 0.5561013233 0.721634112 -0.3252044909 0.2534513084 -3.740813754 0.4452336854 -0.8643540992 4 left_fisheye_image/00012.jpg

65 0.2518104135 0.3177271131 0.7197083368 -0.5636141474 3.769294373 0.07469277179 0.705218727 5 right_fisheye_image/00012.jpg

66 0.5485131326 0.7211392834 0.3329323333 -0.261242299 -0.235077654 -0.7925521198 3.7023031 1 back_fisheye_image/00013.jpg

67 -0.5673831666 0.7919040418 0.2251086711 0.01704162436 -2.241579404 -2.077468054 -3.454950614 2 frontleft_fisheye_image/00013.jpg

68 -0.3660405062 0.6665724705 0.4897781902 0.4263951381 2.122094021 -2.082416766 -3.520096981 3 frontright_fisheye_image/00013.jpg

69 0.574610013 0.7532070323 -0.2529498971 0.1962621946 -4.17501177 0.2312939867 -0.06269512173 4 left_fisheye_image/00013.jpg

70 0.1999551016 0.2477338962 0.7431303349 -0.5885602598 4.162919011 0.2723054279 -0.05477836734 5 right_fisheye_image/00013.jpg

71 0.5090492163 0.6732090134 0.420205636 -0.3332952792 0.8817483499 -0.8830343555 3.983490611 1 back_fisheye_image/00014.jpg

72 -0.5620252924 0.7533916579 0.3295050253 0.08919091171 -1.375156062 -2.174351041 -4.265057489 2 frontleft_fisheye_image/00014.jpg

73 -0.301230152 0.5882133604 0.5838599313 0.4715644375 3.339045649 -2.170731816 -3.058354674 3 frontright_fisheye_image/00014.jpg

74 0.5934870761 0.7824767958 -0.1488684655 0.1155046947 -4.408278332 -0.08741603553 1.090714547 4 left_fisheye_image/00014.jpg

75 0.1106074506 0.1339653131 0.7699052193 -0.6140563819 4.392794952 0.5650924674 -1.334958784 5 right_fisheye_image/00014.jpg

76 0.487356569 0.632725924 0.4781586863 -0.3653843871 1.591587253 -0.9094687119 4.21683274 1 back_fisheye_image/00015.jpg

77 -0.5467669191 0.7360680702 0.3764881151 0.1323118717 -0.9761590219 -2.316769804 -4.750554722 2 frontleft_fisheye_image/00015.jpg

78 -0.2696400748 0.5572418629 0.6096038734 0.4951351875 3.880942917 -2.318877425 -2.99941735 3 frontright_fisheye_image/00015.jpg

79 0.6075488639 0.7824934715 -0.1069135385 0.08460402047 -4.728814299 -0.1776566586 1.551249043 4 left_fisheye_image/00015.jpg

80 0.08605358612 0.1038099292 0.7813456885 -0.6093580179 4.71092602 0.6842389815 -1.666029765 5 right_fisheye_image/00015.jpg

81 0.4818471539 0.6291576041 0.4827536362 -0.3727371141 1.703165272 -1.027495574 4.599183937 1 back_fisheye_image/00016.jpg

82 -0.547630728 0.7272528504 0.3896827506 0.1391087027 -1.007429142 -2.455876404 -5.149493073 2 frontleft_fisheye_image/00016.jpg

83 -0.2578822673 0.54277215 0.6250694697 0.498179975 4.271873022 -2.471767903 -3.144727381 3 frontright_fisheye_image/00016.jpg

84 0.6057535281 0.78922843 -0.08081033275 0.06042216924 -5.047310803 -0.2679707509 1.912988045 4 left_fisheye_image/00016.jpg

85 0.06655133146 0.07375155631 0.7810662844 -0.6164958131 5.027334804 0.7806135793 -2.030136381 5 right_fisheye_image/00016.jpg

86 0.4301874246 0.5624961085 0.5580167954 -0.4326131803 3.01179996 -0.9593391795 4.353252523 1 back_fisheye_image/00017.jpg

87 -0.5231824304 0.6760797022 0.4765305508 0.205219431 0.2133154512 -2.375421855 -5.568756548 2 frontleft_fisheye_image/00017.jpg

88 -0.1969241647 0.4680021172 0.6818146322 0.5266153235 5.132541235 -2.364550572 -2.285440999 3 frontright_fisheye_image/00017.jpg

89 0.616298266 0.7875042179 0.003021647582 -0.002103298615 -4.756738688 -0.498094343 2.970840273 4 left_fisheye_image/00017.jpg

90 9.148485202e-05 -0.006799148803 0.7918182014 -0.6107190017 4.731751423 1.084708364 -3.070649577 5 right_fisheye_image/00017.jpg

