# Image list with two lines of data per image:
#   IMAGE_ID, QW, QX, QY, QZ, TX, TY, TZ, CAMERA_ID, NAME
#   POINTS2D[] as (X, Y, POINT3D_ID)
# Number of images: 310, mean observations per image: 0
1 0.421935327 0.5535252395 0.5694399581 -0.4373997293 0.1060563136 0.02971221414 0.884411845 1 back_fisheye_image/00000.jpg

2 -0.5216585378 0.1286698349 0.8148748613 -0.217475065 0.876750518 -0.6296529017 -1.260158516 2 frontleft_fisheye_image/00000.jpg

3 -0.5107692927 -0.1652208035 0.8090628472 0.2392365463 0.878233093 0.9035055531 -1.090455182 3 frontright_fisheye_image/00000.jpg

4 0.6118281846 0.7907719612 0.01599652524 -0.009491529911 -1.179490712 0.2632204424 0.1079837829 4 left_fisheye_image/00000.jpg

5 -0.6168246418 0.7868408377 0.01756570714 0.01001515725 -1.165139671 -0.3478937551 -0.1847856373 5 right_fisheye_image/00000.jpg

6 0.4991505367 0.6458310931 0.459712451 -0.3498791267 -0.4059344176 -0.0301064216 1.145278344 1 back_fisheye_image/00001.jpg

7 -0.4708762976 0.2791846854 0.7792348857 -0.3051629348 0.9991061821 -1.191361872 -1.202398174 2 frontleft_fisheye_image/00001.jpg

8 -0.5446502933 -0.009641366704 0.8261027917 0.1442819447 1.014132097 0.5966691699 -1.570299024 3 frontright_fisheye_image/00001.jpg

9 0.6063008173 0.7774686799 -0.132528826 0.1018718854 -1.4581028 0.4064561964 -0.3868899356 4 left_fisheye_image/00001.jpg

10 -0.606097176 0.7777495493 -0.1273499297 -0.1073957507 -1.457776433 -0.2434109978 0.3232054874 5 right_fisheye_image/00001.jpg

11 0.5023306776 0.6584135758 0.4461247237 -0.3393054442 -0.5203747796 -0.111933235 1.369861709 1 back_fisheye_image/00002.jpg

12 -0.4660437627 0.2951768842 0.7703564874 -0.3197259775 1.100776854 -1.428845366 -1.354043387 2 frontleft_fisheye_image/00002.jpg

13 -0.5506633948 0.007692939444 0.8250001502 0.1268282165 1.119966194 0.6296248001 -1.874523889 3 frontright_fisheye_image/00002.jpg

14 0.6003221721 0.7764969659 -0.1492248231 0.1199904322 -1.752574967 0.4172501207 -0.5220352047 4 left_fisheye_image/00002.jpg

15 -0.6043278782 0.772908931 -0.1512425019 -0.120520976 -1.763416658 -0.1874681243 0.4573247525 5 right_fisheye_image/00002.jpg

16 0.5329682173 0.6859345567 0.3978897241 -0.2951650907 -0.8390282658 -0.1718839411 1.609599402 1 back_fisheye_image/00003.jpg

17 -0.4398460297 0.3566659804 0.7485891821 -0.344875463 1.190945091 -1.790107315 -1.365226243 2 frontleft_fisheye_image/00003.jpg

18 -0.5605185801 0.08060826156 0.8196107294 0.08694528029 1.198525972 0.4268297832 -2.191122029 3 frontright_fisheye_image/00003.jpg

19 0.5944475664 0.7564194053 -0.2136309641 0.1697751018 -1.930724687 0.5023190557 -0.8519063748 4 left_fisheye_image/00003.jpg

20 -0.5871279798 0.7578908815 -0.2224188156 -0.1772343577 -1.904226635 -0.1010606772 0.825148631 5 right_fisheye_image/00003.jpg

21 0.6031649244 0.7888823049 0.09550599054 -0.06881416082 -2.004606598 0.04616766624 0.7627881911 1 back_fisheye_image/00004.jpg

22 -0.2688085908 0.6152714171 0.55016388 -0.4964904128 0.8398209335 -2.408341568 -0.1211869176 2 frontleft_fisheye_image/00004.jpg

23 -0.5492210572 0.3827637428 0.7303501751 -0.1357820651 0.8506048501 -0.9199624382 -2.156668224 3 frontright_fisheye_image/00004.jpg

24 0.4783675448 0.6251456824 -0.488537347 0.3764154998 -1.153112736 0.8055356108 -1.927737889 4 left_fisheye_image/00004.jpg

25 -0.4869212787 0.6196871222 -0.4811383835 -0.383928893 -1.145092388 0.1422649646 1.864170883 5 right_fisheye_image/00004.jpg

26 0.3492323652 0.4522009923 0.6546898854 -0.4949062251 1.5655233 -0.0534053316 1.231166273 1 back_fisheye_image/00005.jpg

27 -0.5499582285 -0.0002429841183 0.8258065318 -0.1248577585 1.035859351 0.4606777817 -2.281204768 2 frontleft_fisheye_image/00005.jpg

28 -0.4671162061 -0.2914685816 0.7689223551 0.3249721953 1.02379839 2.310785356 -0.5650156697 3 frontright_fisheye_image/00005.jpg

29 0.6058957818 0.7737605885 0.1490794638 -0.1093625478 -1.497611884 -0.1045205926 1.545915904 4 left_fisheye_image/00005.jpg

30 -0.6023701176 0.7761221458 0.1470215843 0.1147576136 -1.478003536 -0.7106830762 -1.625464069 5 right_fisheye_image/00005.jpg

31 0.2246485325 0.2973059692 0.7377532438 -0.5629052751 1.896476838 0.2064477209 0.1990850202 1 back_fisheye_image/00006.jpg

32 -0.5683507643 -0.1888419772 0.800819524 -0.002050929319 0.5561029525 1.225888786 -1.604674183 2 frontleft_fisheye_image/00006.jpg

33 -0.3852118645 -0.4604394971 0.6835388456 0.415189036 0.5464964225 2.050075456 0.4061075063 3 frontright_fisheye_image/00006.jpg

34 0.5630717243 0.725060112 0.3173539448 -0.2377489034 -0.4418369471 -0.183278524 1.817315492 4 left_fisheye_image/00006.jpg

35 -0.5690250198 0.7200115077 0.3125855006 0.2451209099 -0.4071648834 -0.7487735287 -1.881600004 5 right_fisheye_image/00006.jpg

36 0.2253172087 0.2972806748 0.7351257826 -0.566079888 1.57036273 0.2293799262 0.1250355922 1 back_fisheye_image/00007.jpg

37 -0.5642045403 -0.1899784512 0.8034611218 -0.00562587356 0.5383339538 0.9916500318 -1.400596571 2 frontleft_fisheye_image/00007.jpg

38 -0.3814423273 -0.4577367051 0.6875179835 0.4150878005 0.5369632684 1.746074161 0.2762090941 3 frontright_fisheye_image/00007.jpg

39 0.5634239674 0.7258726672 0.3123519154 -0.2410364805 -0.3908558073 -0.09100056523 1.503665132 4 left_fisheye_image/00007.jpg

40 -0.567927561 0.7213682357 0.3151896504 0.2402948985 -0.3755174001 -0.6842921781 -1.562583256 5 right_fisheye_image/00007.jpg

41 0.2222643586 0.2995107513 0.7361613658 -0.5647639403 1.301113 0.1779483227 0.2628377984 1 back_fisheye_image/00008.jpg

42 -0.5675131868 -0.1899238619 0.8011357753 -0.006259306458 0.588138873 0.6892087952 -1.381487278 2 frontleft_fisheye_image/00008.jpg

43 -0.3839013468 -0.4609046876 0.6860292961 0.4117650177 0.5820602308 1.608325551 0.02908298671 3 frontright_fisheye_image/00008.jpg

44 0.5611933317 0.7271493433 0.3153174742 -0.2385178554 -0.5435104328 -0.04197049109 1.245960652 4 left_fisheye_image/00008.jpg

45 -0.5669404612 0.7217549165 0.3136545748 0.2434525861 -0.538792162 -0.6157046038 -1.311194216 5 right_fisheye_image/00008.jpg

46 0.2253340755 0.2966072085 0.7367747233 -0.564279829 1.097389465 0.1353519933 0.4614971876 1 back_fisheye_image/00009.jpg

47 -0.5652192619 -0.193113124 0.8019909541 -0.006709462701 0.6983970296 0.3661029319 -1.443904382 2 frontleft_fisheye_image/00009.jpg

48 -0.3796872208 -0.4613145552 0.6882685902 0.4114764189 0.7059073913 1.511179571 -0.3100272337 3 frontright_fisheye_image/00009.jpg

49 0.5589652694 0.7285594954 0.3132066412 -0.2421992759 -0.7987903979 0.02648260143 1.007400692 4 left_fisheye_image/00009.jpg

50 -0.569851234 0.7198423021 0.3152244378 0.2402710657 -0.8023329071 -0.5613178478 -1.069461513 5 right_fisheye_image/00009.jpg

51 0.6070959443 0.7945794774 0.006852613473 -0.005568678261 -1.453577715 0.2414190371 0.09657236997 1 back_fisheye_image/00010.jpg

52 -0.2127969565 0.671081829 0.4799938753 -0.5234238376 0.5315202257 -1.591476529 0.1728694406 2 frontleft_fisheye_image/00010.jpg

53 -0.5317321125 0.4596590662 0.6842047275 -0.1945209353 0.5473349803 -0.8106159582 -1.331137021 3 frontright_fisheye_image/00010.jpg

54 0.4378468493 0.5661107358 -0.5496206425 0.4309593029 -0.3992968052 0.6510804911 -1.423796804 4 left_fisheye_image/00010.jpg

55 -0.4393821427 0.5663225128 -0.5492882451 -0.4295399492 -0.3901686408 0.04703492532 1.347833767 5 right_fisheye_image/00010.jpg

56 0.6061514405 0.7953335156 0.001302545331 0.004830483455 -1.541897271 0.150814363 0.351090528 1 back_fisheye_image/00011.jpg

57 -0.2103376063 0.6785558979 0.4710641077 -0.522894436 0.626307249 -1.796986431 0.000697757687 2 frontleft_fisheye_image/00011.jpg

58 -0.5287039401 0.4752846644 0.6722244131 -0.2066179322 0.6278066005 -0.7781555634 -1.539777389 3 frontright_fisheye_image/00011.jpg

59 -0.428442962 -0.5530595643 0.5611368775 -0.4423654048 -0.6108896168 0.6608748454 -1.506977323 4 left_fisheye_image/00011.jpg

60 0.423845407 -0.5436099152 0.5702581178 0.4468210047 -0.5574666963 0.06720056388 1.441754791 5 right_fisheye_image/00011.jpg

61 0.498269618 0.6501844996 -0.4557106734 0.34830344 -1.218867833 0.7176718008 -1.69175536 1 back_fisheye_image/00012.jpg

62 0.131280441 0.8254666967 0.001433921426 -0.548970056 -0.2585142094 -0.5337001754 1.491022322 2 frontleft_fisheye_image/00012.jpg

63 -0.3171575966 0.7720271805 0.2917632778 -0.4671822783 -0.2830334755 -1.564305896 0.3038584289 3 frontright_fisheye_image/00012.jpg

64 -0.1058466819 -0.1413912805 0.7786142638 -0.6021335516 1.613496261 0.6080279364 -1.200990505 4 left_fisheye_image/00012.jpg

65 0.1080430194 -0.1416425567 0.773761579 0.6079120915 1.622489762 0.0009253437749 1.132208533 5 right_fisheye_image/00012.jpg

66 0.4979827247 0.649628978 -0.4562388799 0.3490579914 -1.245439646 0.8500064344 -2.195038269 1 back_fisheye_image/00013.jpg

67 0.1299541782 0.8258725464 0.0004096814664 -0.5486768456 -0.496359892 -0.3042594665 1.933378042 2 frontleft_fisheye_image/00013.jpg

68 -0.3194558014 0.7723075907 0.2894958908 -0.4665630776 -0.4908214403 -1.801412211 0.6417063879 3 frontright_fisheye_image/00013.jpg

69 -0.1065037582 -0.1405814034 0.7764974166 -0.6049343605 2.030879106 0.6037158131 -1.221846105 4 left_fisheye_image/00013.jpg

70 0.1083484823 -0.1419604551 0.7753158102 0.6057996617 2.061840988 0.01371097412 1.153697806 5 right_fisheye_image/00013.jpg

71 -0.235378307 -0.3060633463 0.7331779992 -0.5597966615 1.482264456 0.881178719 -2.326209215 1 back_fisheye_image/00014.jpg

72 0.4051758634 0.6975765524 -0.4414338437 -0.3928811969 -0.5423474431 2.114930266 0.5980108547 2 frontleft_fisheye_image/00014.jpg

73 -0.01851015237 0.808025532 -0.1690648869 -0.5640648703 -0.5528522973 0.4845641972 2.191950654 3 frontright_fisheye_image/00014.jpg

74 0.2339237336 0.2973674471 0.7294647565 -0.5698538912 2.154769453 -0.07189774268 1.466308021 4 left_fisheye_image/00014.jpg

75 -0.23391419 0.2955072568 0.7328650582 0.5664524864 2.17337723 -0.6617511127 -1.537518501 5 right_fisheye_image/00014.jpg

76 -0.1868066024 -0.2414664305 0.7537496378 -0.5819439317 1.544915012 0.81036536 -2.121644458 1 back_fisheye_image/00015.jpg

77 0.4355195883 0.6602633072 -0.4988446974 -0.3543007498 -0.4663806411 2.039147374 0.4080512923 2 frontleft_fisheye_image/00015.jpg

78 0.04711528619 0.7857344864 -0.2557433657 -0.5612457551 -0.4363230163 0.7155627676 2.008212456 3 frontright_fisheye_image/00015.jpg

79 0.2946825602 0.3786110662 0.6964286569 -0.5336693499 1.843500039 -0.1184677706 1.546287145 4 left_fisheye_image/00015.jpg

80 -0.3052446412 0.3844445133 0.6843917409 0.5391067336 1.817510822 -0.6685892623 -1.663152747 5 right_fisheye_image/00015.jpg

81 -0.04831426598 -0.0574049803 0.7906248506 -0.6076863875 1.874818862 0.6000144147 -1.34487767 1 back_fisheye_image/00016.jpg

82 -0.5089028305 -0.5257074038 0.6365975357 0.2437072266 -0.1270708505 1.950079226 -0.3845895301 2 frontleft_fisheye_image/00016.jpg

83 0.1689826578 0.7108905594 -0.4253065442 -0.5340354083 -0.121999319 1.329746694 1.558627682 3 frontright_fisheye_image/00016.jpg

84 0.4027701378 0.5259761818 0.5941996308 -0.4561272531 1.070248438 -0.2054927578 1.813300784 4 left_fisheye_image/00016.jpg

85 -0.4199925687 0.5268299797 0.5829959562 0.4540618127 1.027456328 -0.7317899208 -1.916087536 5 right_fisheye_image/00016.jpg

86 0.0984756022 0.1340571964 0.7840322587 -0.5980172582 1.844583951 0.3671522469 -0.48810227 1 back_fisheye_image/00017.jpg

87 -0.5546750366 -0.3557418357 0.742951144 0.1175029687 0.2475699101 1.51320394 -1.060097557 2 frontleft_fisheye_image/00017.jpg

88 0.2956114207 0.5880879092 -0.5791349538 -0.4810085282 0.2507661593 1.710291193 0.8559998277 3 frontright_fisheye_image/00017.jpg

89 0.5081238546 0.6559946213 0.4445040532 -0.3374868174 0.1418581962 -0.1902685648 1.74591426 4 left_fisheye_image/00017.jpg

90 -0.5131234648 0.6506332796 0.4401044533 0.3459605694 0.1629216996 -0.7125507776 -1.841558723 5 right_fisheye_image/00017.jpg

91 0.2254167376 0.3048919119 0.732475224 -0.5654275044 1.428464485 0.1723310116 0.1964738871 1 back_fisheye_image/00018.jpg

92 -0.5666964384 -0.1863329414 0.8024908452 -0.01198436403 0.5408671624 0.8233578591 -1.405930645 2 frontleft_fisheye_image/00018.jpg

93 -0.384979964 -0.4575642908 0.6900274077 0.4077836727 0.5338342416 1.69086174 0.1382891658 3 frontright_fisheye_image/00018.jpg

94 0.5601104297 0.7310795788 0.3100654455 -0.2359202735 -0.4683018501 -0.1007659747 1.377512927 4 left_fisheye_image/00018.jpg

95 -0.575112635 0.7329953542 0.2886319957 0.2205784186 -0.5321059437 -0.6217147863 -1.396218345 5 right_fisheye_image/00018.jpg

96 0.2684943129 0.3475146907 0.7133948002 -0.5460880907 1.181696987 0.07781089977 0.6309278042 1 back_fisheye_image/00019.jpg

97 -0.5612572276 -0.1292366833 0.8163713013 -0.04273292234 0.7485739066 0.4102639094 -1.616738865 2 frontleft_fisheye_image/00019.jpg

98 -0.4137783682 -0.3947583637 0.7229111917 0.3877534077 0.7864359476 1.696936561 -0.3867222982 3 frontright_fisheye_image/00019.jpg

99 0.586863332 0.745150047 0.2494672841 -0.1952150382 -0.9806305529 0.0005959781059 1.121086655 4 left_fisheye_image/00019.jpg

100 -0.5795750933 0.7504009092 0.2542538703 0.1906466787 -0.9663278988 -0.596348074 -1.19931143 5 right_fisheye_image/00019.jpg

101 0.3660511021 0.4587427764 0.6473590734 -0.4863002013 0.6408985767 -0.1089565333 1.374704672 1 back_fisheye_image/00020.jpg

102 -0.5421609489 0.01841662467 0.8301298715 -0.1288671017 1.086169639 -0.4060546688 -1.932055329 2 frontleft_fisheye_image/00020.jpg

103 -0.4756541228 -0.2526558585 0.7798955095 0.3188748452 1.125874572 1.582056149 -1.280495209 3 frontright_fisheye_image/00020.jpg

104 0.6224130358 0.7695448817 0.1110422519 -0.08984601416 -1.756897999 0.1484515732 0.5677432589 4 left_fisheye_image/00020.jpg

105 -0.5982169243 0.7914673503 0.102874437 0.07164352769 -1.801501616 -0.4493392565 -0.5805993327 5 right_fisheye_image/00020.jpg

106 0.6085621245 0.7934203939 -0.01039502221 0.005306845685 -2.142834711 0.2692030893 -0.05518970975 1 back_fisheye_image/00021.jpg

107 -0.2046721825 0.6776875224 0.4706534665 -0.5266253262 0.4804703598 -2.143734918 0.5851954591 2 frontleft_fisheye_image/00021.jpg

108 -0.5267619552 0.4700048181 0.6784860107 -0.2031601506 0.4921476013 -1.431924169 -1.601566007 3 frontright_fisheye_image/00021.jpg

109 -0.4305392303 -0.5585239963 0.55924784 -0.4358081805 -0.2892668124 0.8072248363 -2.075460825 4 left_fisheye_image/00021.jpg

110 -0.4391325143 0.5604665636 -0.5495740446 -0.4370448896 -0.3515270888 0.2000906911 1.985340164 5 right_fisheye_image/00021.jpg

111 0.5940882013 0.7744544608 0.1754208161 -0.1284797047 -1.677192764 -0.06857392997 1.099362983 1 back_fisheye_image/00022.jpg

112 -0.3183192359 0.5589636604 0.6095242512 -0.4633709935 0.9418278475 -2.27833247 -0.5436186324 2 frontleft_fisheye_image/00022.jpg

113 -0.5618290863 0.3086886296 0.7636635358 -0.07666428035 0.9523791226 -0.484311971 -2.232689055 3 frontright_fisheye_image/00022.jpg

114 0.518671815 0.6701244591 -0.4169572538 0.3287239057 -1.512325945 0.6652748024 -1.6080853 4 left_fisheye_image/00022.jpg

115 -0.5209608079 0.6694147672 -0.4170757721 -0.3263916458 -1.503913042 0.1098649321 1.516066535 5 right_fisheye_image/00022.jpg

116 0.5838699472 0.7630492694 0.2171565484 -0.1723215911 -1.485060749 -0.21234804 1.778691954 1 back_fisheye_image/00023.jpg

117 -0.3430370444 0.5158432842 0.6428301699 -0.450555951 1.274300073 -2.440747128 -1.17605857 2 frontleft_fisheye_image/00023.jpg

118 -0.5603332141 0.2587641916 0.7853122232 -0.04850252048 1.285715185 0.009256892766 -2.663331734 3 frontright_fisheye_image/00023.jpg

119 0.5347381023 0.6938302636 -0.3810612572 0.2957144661 -2.147772028 0.6539697113 -1.454042648 4 left_fisheye_image/00023.jpg

120 -0.5401129682 0.6905872842 -0.3761666026 -0.2997763693 -2.13877247 0.03979073304 1.37509828 5 right_fisheye_image/00023.jpg

121 0.5813415108 0.763855093 0.217262828 -0.1770997126 -1.500825093 -0.284672476 2.100293336 1 back_fisheye_image/00024.jpg

122 -0.3424023986 0.5073448256 0.6456520397 -0.4566128217 1.443825431 -2.592822779 -1.411989496 2 frontleft_fisheye_image/00024.jpg

123 -0.558958377 0.2522450888 0.78827363 -0.0506224481 1.440893826 0.1567231104 -2.930539488 3 frontright_fisheye_image/00024.jpg

124 0.5304112281 0.7003142623 -0.377845801 0.2923292899 -2.473071896 0.6619934764 -1.452626896 4 left_fisheye_image/00024.jpg

125 -0.5455892214 0.6890119613 -0.3737815382 -0.2964494565 -2.471870008 0.04283494805 1.386136595 5 right_fisheye_image/00024.jpg

126 0.5777031453 0.7626927384 0.2291897946 -0.1789717874 -1.412536105 -0.406529043 2.40735801 1 back_fisheye_image/00025.jpg

127 -0.3533297493 0.5067363896 0.6485424419 -0.4447122898 1.531538617 -2.690291151 -1.734063616 2 frontleft_fisheye_image/00025.jpg

128 -0.564353048 0.2455985969 0.7870979606 -0.04078929858 1.543283192 0.3945785826 -3.13713621 3 frontright_fisheye_image/00025.jpg

129 0.5389236831 0.7002682506 -0.3666116516 0.2911726945 -2.814809518 0.6006838692 -1.389343628 4 left_fisheye_image/00025.jpg

130 -0.5453791313 0.6962026334 -0.3682179715 -0.2868432009 -2.806890367 0.04926701568 1.292866639 5 right_fisheye_image/00025.jpg

131 0.5810254826 0.7602017054 0.2298839734 -0.1779216523 -1.486384425 -0.4793724223 2.722216694 1 back_fisheye_image/00026.jpg

132 -0.3513438751 0.5077328274 0.6501453191 -0.4428046087 1.687970233 -2.904251804 -1.966173095 2 frontleft_fisheye_image/00026.jpg

133 -0.5631990548 0.2475546985 0.7874408113 -0.03821602524 1.699289437 0.502806564 -3.430482592 3 frontright_fisheye_image/00026.jpg

134 0.5390765883 0.6998091587 -0.3693620011 0.2885052607 -3.183467503 0.632024837 -1.434570824 4 left_fisheye_image/00026.jpg

135 -0.5449643434 0.6961416695 -0.366265788 -0.2902585277 -3.176829821 0.03849721513 1.34697715 5 right_fisheye_image/00026.jpg

136 0.5815111813 0.7603716726 0.2293153923 -0.1763352386 -1.513434725 -0.6267475002 3.258831792 1 back_fisheye_image/00027.jpg

137 -0.3544930942 0.5047076892 0.6535965073 -0.4386529383 1.932406863 -3.140018877 -2.436589886 2 frontleft_fisheye_image/00027.jpg

138 -0.5611560765 0.2361773853 0.7927094033 -0.03059252195 1.987813374 0.8932943897 -3.849517797 3 frontright_fisheye_image/00027.jpg

139 0.5429800773 0.7061685179 -0.3600029882 0.2773021969 -3.770278907 0.6263973314 -1.308487294 4 left_fisheye_image/00027.jpg

140 -0.5499194316 0.7014291043 -0.3534685477 -0.2839820701 -3.758137474 -0.0209022686 1.235701598 5 right_fisheye_image/00027.jpg

141 0.5334559614 0.7038898133 0.3695667737 -0.2887633421 0.1018480354 -0.7990297441 3.81033731 1 back_fisheye_image/00028.jpg

142 -0.4301506047 0.3708875135 0.7346343614 -0.3711135468 2.130905802 -2.050573332 -3.638558087 2 frontleft_fisheye_image/00028.jpg

143 -0.5611086691 0.09193647966 0.8195475652 0.07103895778 2.159260095 2.419513575 -3.451656111 3 frontright_fisheye_image/00028.jpg

144 0.586386548 0.7562800987 -0.2270108946 0.18071326 -4.268487133 0.2128268648 0.129618088 4 left_fisheye_image/00028.jpg

145 -0.5885121577 0.7552100721 -0.2265847915 -0.1788030186 -4.255679955 -0.3479176711 -0.2298638788 5 right_fisheye_image/00028.jpg

146 0.5101140821 0.6795566306 0.4105959349 -0.3307527586 0.8195412661 -0.9371871352 4.307682566 1 back_fisheye_image/00029.jpg

147 -0.452239749 0.3154704497 0.7577818045 -0.3488901569 2.345539391 -1.673756577 -4.409205602 2 frontleft_fisheye_image/00029.jpg

148 -0.5464085767 0.01757366265 0.8312255952 0.1009596132 2.342655291 3.375051292 -3.412099602 3 frontright_fisheye_image/00029.jpg

149 0.5828864238 0.7848261164 -0.1674015026 0.1275465437 -4.776633505 -0.03513920345 0.9453112642 4 left_fisheye_image/00029.jpg

150 -0.6183220202 0.7615805811 -0.1479957344 -0.1255792995 -4.791724308 -0.5712089862 -1.212475057 5 right_fisheye_image/00029.jpg

151 0.4416186983 0.6007360416 0.5185753497 -0.418531648 2.527577547 -1.051405404 4.404955117 1 back_fisheye_image/00030.jpg

152 -0.5054149161 0.1770078731 0.7995157691 -0.2720266722 2.323301159 -0.2977874886 -5.402476065 2 frontleft_fisheye_image/00030.jpg

153 -0.5187578158 -0.1323861644 0.822556339 0.1917427994 2.269944511 4.9020955 -2.565361586 3 frontright_fisheye_image/00030.jpg

154 0.5922641655 0.8050334146 -0.02576499986 0.02192086744 -4.819195506 -0.5644212947 2.613972368 4 left_fisheye_image/00030.jpg

155 -0.6358483364 0.7716492142 -0.008796675572 -0.01330419957 -4.771045834 -0.8947262545 -2.948773536 5 right_fisheye_image/00030.jpg

156 0.4288234775 0.5582801711 0.5629016486 -0.4330997687 3.064995755 -1.015632392 4.765218497 1 back_fisheye_image/00031.jpg

157 -0.5171808164 0.1379487083 0.8148678861 -0.2224510848 2.578655698 0.05156300719 -5.90054125 2 frontleft_fisheye_image/00031.jpg

158 -0.5130077057 -0.1546058698 0.8108963074 0.2353025662 2.585071092 5.387854344 -2.639251709 3 frontright_fisheye_image/00031.jpg

159 0.6136879595 0.7895164428 0.006401652473 -0.003145450388 -5.254759717 -0.5009674781 2.98617526 4 left_fisheye_image/00031.jpg

160 -0.6172532788 0.786683202 0.01117706112 0.001732850387 -5.300039875 -1.088913549 -3.100598736 5 right_fisheye_image/00031.jpg

161 0.4312137265 0.556187822 0.5629961515 -0.4332956983 3.074109463 -1.146893231 5.413554725 1 back_fisheye_image/00032.jpg

162 -0.5150456915 0.1390027499 0.8163886612 -0.2211689966 2.920540544 -0.2726107794 -6.447489211 2 frontleft_fisheye_image/00032.jpg

163 -0.5105257129 -0.152989996 0.8122955338 0.2369251429 2.910288399 5.697539287 -3.114570217 3 frontright_fisheye_image/00032.jpg

164 0.6157888267 0.7878833091 0.0053226592 -0.003959975314 -5.968863748 -0.4745961078 3.001761442 4 left_fisheye_image/00032.jpg

165 -0.6131530272 0.7899026875 0.009819777569 0.0008254867033 -5.935854948 -1.128703064 -3.083501694 5 right_fisheye_image/00032.jpg

166 0.4313056993 0.5559975122 0.5623984727 -0.4342235809 3.093934672 -1.321091585 6.096011726 1 back_fisheye_image/00033.jpg

167 -0.5144600696 0.137736918 0.8169057007 -0.2214146661 3.203951771 -0.5456718994 -6.959503601 2 frontleft_fisheye_image/00033.jpg

168 -0.5098585682 -0.1535012127 0.8126826118 0.2367035922 3.214863276 6.055750401 -3.636834399 3 frontright_fisheye_image/00033.jpg

169 0.6142813812 0.7890492426 0.004154648513 -0.006512783854 -6.604599222 -0.4552513208 3.03529639 4 left_fisheye_image/00033.jpg

170 -0.6136454305 0.7895119151 0.0104979224 0.0001230597503 -6.640534366 -1.149016737 -3.101788854 5 right_fisheye_image/00033.jpg

171 0.430124493 0.5570139368 0.5616136703 -0.4351074351 3.095653308 -1.51069885 6.752701031 1 back_fisheye_image/00034.jpg

172 -0.5149961263 0.136906572 0.8162906498 -0.2229465308 3.483262292 -0.864646341 -7.499332318 2 frontleft_fisheye_image/00034.jpg

173 -0.5093583126 -0.1547393809 0.8131587312 0.2353353167 3.47443362 6.368750371 -4.116466144 3 frontright_fisheye_image/00034.jpg

174 0.6128525261 0.7901610985 0.004974673218 -0.005698450964 -7.288371783 -0.4811698536 3.032414005 4 left_fisheye_image/00034.jpg

175 -0.6159401332 0.7877137649 0.01116662905 0.0002886889754 -7.266148398 -1.148295842 -3.114714282 5 right_fisheye_image/00034.jpg

176 0.431300059 0.5569164334 0.5626774278 -0.4326874826 3.06339359 -1.653792661 7.289012387 1 back_fisheye_image/00035.jpg

177 -0.51499649 0.1391774854 0.8163273446 -0.2213998854 3.726461444 -1.151208741 -7.914026743 2 frontleft_fisheye_image/00035.jpg

178 -0.5111548491 -0.152693233 0.8115602079 0.2382761545 3.74025051 6.642774296 -4.586850995 3 frontright_fisheye_image/00035.jpg

179 0.616069877 0.7876557518 0.005006348032 -0.005591045849 -7.839350033 -0.4572825513 3.029201216 4 left_fisheye_image/00035.jpg

180 -0.6120966684 0.79071118 0.01057419912 0.00129797881 -7.861510728 -1.167047658 -3.107556945 5 right_fisheye_image/00035.jpg

181 0.4326856669 0.5557585326 0.5633571357 -0.4319077503 3.101520271 -1.77951153 7.858294604 1 back_fisheye_image/00036.jpg

182 -0.5140332938 0.1400868928 0.8172601014 -0.2196163972 4.003523927 -1.381610331 -8.37466085 2 frontleft_fisheye_image/00036.jpg

183 -0.5112229786 -0.152577244 0.8113785635 0.2388222717 3.997937669 6.957952174 -5.008909891 3 frontright_fisheye_image/00036.jpg

184 0.6163902409 0.7874034191 0.005212337655 -0.005635424318 -8.423440513 -0.4616603796 3.072350846 4 left_fisheye_image/00036.jpg

185 -0.6130880891 0.7899491837 0.00996442734 0.001998111252 -8.450163789 -1.162613757 -3.149887555 5 right_fisheye_image/00036.jpg

186 0.4289042356 0.5578003415 0.5646892164 -0.4313073436 3.142140339 -1.999663426 8.374186516 1 back_fisheye_image/00037.jpg

187 -0.5148443641 0.1396846718 0.8165534491 -0.2205990436 4.252750941 -1.655506771 -8.878696065 2 frontleft_fisheye_image/00037.jpg

188 -0.5107467768 -0.1523234953 0.8121171037 0.2374891422 4.244835226 7.243552352 -5.443750099 3 frontright_fisheye_image/00037.jpg

189 0.6154824175 0.7881201925 0.003906711839 -0.005717822569 -8.998647322 -0.4596409969 3.082735092 4 left_fisheye_image/00037.jpg

190 -0.6130353081 0.7899730049 0.01141485164 0.0002526146275 -9.022968399 -1.210910795 -3.169681489 5 right_fisheye_image/00037.jpg

191 0.4289953575 0.5575856017 0.5642064025 -0.4321254626 3.174446265 -2.150412049 8.981518247 1 back_fisheye_image/00038.jpg

192 -0.5177201287 0.138507169 0.8149083199 -0.2206945007 4.434000945 -1.881458493 -9.359529299 2 frontleft_fisheye_image/00038.jpg

193 -0.5092224699 -0.1527700747 0.8131952254 0.2367853581 4.534696825 7.564746975 -5.893906143 3 frontright_fisheye_image/00038.jpg

194 0.6151685272 0.7883579678 0.004563864692 -0.006210388853 -9.672045665 -0.4660380222 3.127158219 4 left_fisheye_image/00038.jpg

195 -0.6135768984 0.789550189 0.01157028801 -0.0001316234419 -9.649923441 -1.231889864 -3.193441461 5 right_fisheye_image/00038.jpg

196 0.429962948 0.5570937204 0.564883087 -0.4309124598 3.173106826 -2.30896142 9.598667272 1 back_fisheye_image/00039.jpg

197 -0.5175187121 0.1396985769 0.8151893808 -0.2193740267 4.711560757 -2.174825697 -9.849059153 2 frontleft_fisheye_image/00039.jpg

198 -0.5113385004 -0.1527127248 0.8119527699 0.2365258148 4.77144009 7.88049668 -6.401694164 3 frontright_fisheye_image/00039.jpg

199 0.6148006861 0.7886561053 0.004284203365 -0.004828002486 -10.26075874 -0.4860847762 3.109059555 4 left_fisheye_image/00039.jpg

200 -0.614116892 0.7891398285 0.01088768087 0.0004821217709 -10.2888514 -1.219584342 -3.206419092 5 right_fisheye_image/00039.jpg

201 0.4302783371 0.5571159715 0.5633593023 -0.4325605662 3.186695859 -2.449129828 10.2216222 1 back_fisheye_image/00040.jpg

202 -0.5138752795 0.1378631155 0.8167807526 -0.2231482929 5.082654598 -2.48426294 -10.36399825 2 frontleft_fisheye_image/00040.jpg

203 -0.5088145297 -0.1533302044 0.8137525067 0.2353815639 5.08104267 8.195485881 -6.854102818 3 frontright_fisheye_image/00040.jpg

204 0.6138019857 0.7894170653 0.00390922249 -0.007248266592 -10.9404376 -0.4572811203 3.166000148 4 left_fisheye_image/00040.jpg

205 -0.6149541075 0.7884637093 0.01245792411 -0.001106733761 -10.91638191 -1.273228883 -3.223673939 5 right_fisheye_image/00040.jpg

206 0.4310249805 0.5564307212 0.5645531787 -0.4311403798 3.199838438 -2.616868985 10.84673596 1 back_fisheye_image/00041.jpg

207 -0.5165099251 0.1398110033 0.815851332 -0.2192190337 5.279078124 -2.740153526 -10.85210581 2 frontleft_fisheye_image/00041.jpg

208 -0.5094945972 -0.1533611818 0.8131208737 0.2360721247 5.349634717 8.523526462 -7.339988611 3 frontright_fisheye_image/00041.jpg

209 0.6137038213 0.7895000292 0.003458205231 -0.006735311663 -11.53826044 -0.4605602621 3.163086033 4 left_fisheye_image/00041.jpg

210 -0.6151211657 0.7883419164 0.01186256201 -0.001501324323 -11.51383854 -1.27627021 -3.221850498 5 right_fisheye_image/00041.jpg

211 0.427417285 0.558496444 0.5639118343 -0.4328967887 3.218499173 -2.826686756 11.38996216 1 back_fisheye_image/00042.jpg

212 -0.5176279845 0.1406861352 0.8151260268 -0.2187195499 5.527853658 -3.059137121 -11.36865115 2 frontleft_fisheye_image/00042.jpg

213 -0.5136148062 -0.1529084349 0.8099482341 0.2383331689 5.524098129 8.832094484 -7.818465507 3 frontright_fisheye_image/00042.jpg

214 0.6146855823 0.78874242 0.004891457806 -0.0048066055 -12.19308062 -0.5069937018 3.151060668 4 left_fisheye_image/00042.jpg

215 -0.6146335777 0.7887351574 0.01104072042 0.0007205085287 -12.21098312 -1.245612083 -3.252335224 5 right_fisheye_image/00042.jpg

216 0.4284595522 0.5578469993 0.5636008299 -0.4331088108 3.231340007 -2.964001416 12.02338252 1 back_fisheye_image/00043.jpg

217 -0.5160538217 0.1400227753 0.8159082915 -0.219944846 5.84285052 -3.342981944 -11.85871838 2 frontleft_fisheye_image/00043.jpg

218 -0.5119252689 -0.1526861132 0.8112510599 0.2376787487 5.838915841 9.141670125 -8.291667839 3 frontright_fisheye_image/00043.jpg

219 0.6138977804 0.789352344 0.004787701022 -0.00542864863 -12.83424082 -0.5024767637 3.179228976 4 left_fisheye_image/00043.jpg

220 -0.6148862125 0.7885405611 0.01089518174 0.0001555595692 -12.80873239 -1.260394163 -3.256974096 5 right_fisheye_image/00043.jpg

221 0.4271812973 0.5587098713 0.5642322881 -0.4324365203 3.238502158 -3.176630584 12.63570341 1 back_fisheye_image/00044.jpg

222 -0.516437802 0.1401040747 0.8155697228 -0.2202472979 6.109040957 -3.647983919 -12.36542425 2 frontleft_fisheye_image/00044.jpg

223 -0.512323119 -0.1528739753 0.8111018868 0.2372093984 6.103938793 9.456738394 -8.791591268 3 frontright_fisheye_image/00044.jpg

224 0.6150804377 0.7884328392 0.005535968495 -0.004366502789 -13.48238751 -0.5241975262 3.176570251 4 left_fisheye_image/00044.jpg

225 -0.6137278043 0.7894527669 0.0100592112 0.001150348876 -13.45776884 -1.247092268 -3.265453671 5 right_fisheye_image/00044.jpg

226 0.4273505954 0.5587656654 0.5649109177 -0.4313096971 3.235882043 -3.362640593 13.25873378 1 back_fisheye_image/00045.jpg

227 -0.5161857656 0.1407913292 0.8158410398 -0.219393379 6.397903331 -3.949443375 -12.86655628 2 frontleft_fisheye_image/00045.jpg

228 -0.5126254331 -0.1524318266 0.8107928341 0.2378963721 6.382988054 9.770072583 -9.283632123 3 frontright_fisheye_image/00045.jpg

229 0.6159253899 0.7877702656 0.005989189172 -0.004248801903 -14.12451308 -0.528631001 3.190462787 4 left_fisheye_image/00045.jpg

230 -0.6128648704 0.7901221613 0.01005267247 0.001601445108 -14.09859369 -1.257054824 -3.279500268 5 right_fisheye_image/00045.jpg

231 0.4315499626 0.5568942791 0.5625710711 -0.4326051104 3.199871268 -3.407424078 14.00007099 1 back_fisheye_image/00046.jpg

232 -0.5149846947 0.1393671307 0.8163223947 -0.2213262638 6.712754986 -4.23481701 -13.36052387 2 frontleft_fisheye_image/00046.jpg

233 -0.5107706971 -0.1531186595 0.8120345194 0.2372085801 6.72815852 10.11999752 -9.792530969 3 frontright_fisheye_image/00046.jpg

234 0.6149969443 0.7884948116 0.00465949986 -0.005742780168 -14.77488805 -0.4834544164 3.212395155 4 left_fisheye_image/00046.jpg

235 -0.6138492316 0.7893508674 0.01066371366 0.0007837512903 -14.80098166 -1.291015736 -3.289264669 5 right_fisheye_image/00046.jpg

236 0.4307897067 0.5569862126 0.5620436128 -0.4339280643 3.22396958 -3.564520486 14.6277059 1 back_fisheye_image/00047.jpg

237 -0.5160244221 0.1380712315 0.8157680068 -0.2217604337 6.989347548 -4.534324583 -13.93274582 2 frontleft_fisheye_image/00047.jpg

238 -0.5107819838 -0.1542397249 0.8121451181 0.2360766389 6.99040016 10.45144814 -10.28571283 3 frontright_fisheye_image/00047.jpg

239 0.6137902963 0.7894327555 0.005142304666 -0.005563576144 -15.42253289 -0.5064433615 3.224946282 4 left_fisheye_image/00047.jpg

240 -0.6151301103 0.7883559819 0.01042779177 0.001026774826 -15.45167935 -1.280674588 -3.298822086 5 right_fisheye_image/00047.jpg

241 0.4291005075 0.5575371696 0.5641596455 -0.4321445978 3.240165558 -3.79869691 15.15340479 1 back_fisheye_image/00048.jpg

242 -0.5175687308 0.1386337819 0.8150151369 -0.2205756335 7.156851412 -4.782511883 -14.3578964 2 frontleft_fisheye_image/00048.jpg

243 -0.5104465063 -0.1534656779 0.8121833307 0.2371726948 7.289109005 10.7445441 -10.76721257 3 frontright_fisheye_image/00048.jpg

244 0.6147531677 0.7886818113 0.004630401461 -0.006172739155 -16.05943157 -0.4721079257 3.2250142 4 left_fisheye_image/00048.jpg

245 -0.614031798 0.7891955423 0.01163106748 -0.0002555584959 -16.03721596 -1.346995343 -3.283327934 5 right_fisheye_image/00048.jpg

246 0.4309843261 0.5572993316 0.5622780903 -0.4330280763 3.210490146 -3.907698302 15.86965226 1 back_fisheye_image/00049.jpg

247 -0.5152307758 0.1388332625 0.8160515078 -0.2220867161 7.536864015 -5.12115381 -14.87138888 2 frontleft_fisheye_image/00049.jpg

248 -0.5106228817 -0.1539310568 0.812173898 0.236522857 7.554104129 11.07636156 -11.25411179 3 frontright_fisheye_image/00049.jpg

249 0.6141903872 0.7891203547 0.00498314017 -0.005865359524 -16.70522917 -0.4936401756 3.246084413 4 left_fisheye_image/00049.jpg

250 -0.6136088865 0.7895395173 0.01050361298 0.001076616304 -16.73477437 -1.311882032 -3.315251829 5 right_fisheye_image/00049.jpg

251 0.4280118214 0.5552240017 0.5657685404 -0.4340946294 3.394915042 -4.116967506 16.45905808 1 back_fisheye_image/00050.jpg

252 -0.5177537446 0.1353249646 0.8158503143 -0.2191038078 7.752830265 -5.259649067 -15.46931377 2 frontleft_fisheye_image/00050.jpg

253 -0.5099519622 -0.1611969314 0.810617237 0.2384622414 7.751477014 11.61237932 -11.59407686 3 frontright_fisheye_image/00050.jpg

254 0.612503359 0.7903254217 0.01188922986 -0.009165655082 -17.30605997 -0.6275719534 3.501731348 4 left_fisheye_image/00050.jpg

255 -0.6160794157 0.7874297246 0.01821258941 0.008299639703 -17.31032173 -1.361320924 -3.705789909 5 right_fisheye_image/00050.jpg

256 0.4130458332 0.536672863 0.5831543739 -0.4486717664 4.55990532 -4.21211834 16.8297032 1 back_fisheye_image/00051.jpg

257 -0.5250360039 0.1079586232 0.8197046913 -0.2019067835 7.929046257 -4.443957333 -16.40656644 2 frontleft_fisheye_image/00051.jpg

258 -0.5028474963 -0.1846848647 0.8049944608 0.2549898318 7.923396907 12.70323585 -11.32535979 3 frontright_fisheye_image/00051.jpg

259 0.6132389678 0.7886369934 0.03537222711 -0.0271747401 -17.75237664 -0.8818916944 4.520658082 4 left_fisheye_image/00051.jpg

260 -0.6145058118 0.7875450046 0.03945565275 0.02446884502 -17.72595003 -1.617203824 -4.619536611 5 right_fisheye_image/00051.jpg

261 0.4128102057 0.5364924817 0.5831759803 -0.4490760817 4.577815256 -4.370365014 17.44744534 1 back_fisheye_image/00052.jpg

262 -0.5250091293 0.1072465759 0.8196152024 -0.2027177992 8.201907135 -4.730235553 -16.90644283 2 frontleft_fisheye_image/00052.jpg

263 -0.5024562491 -0.1852739591 0.8053265658 0.2542840934 8.197132354 13.02066571 -11.80579682 3 frontright_fisheye_image/00052.jpg

264 0.6123841413 0.7893231621 0.03497422994 -0.02704464079 -18.3941248 -0.8837503293 4.512843824 4 left_fisheye_image/00052.jpg

265 -0.6153813913 0.7868862932 0.03918508623 0.02408804201 -18.36898714 -1.618089176 -4.612175318 5 right_fisheye_image/00052.jpg

266 0.4155878422 0.5375914221 0.5828067359 -0.445666374 4.437432574 -4.551369192 18.11528283 1 back_fisheye_image/00053.jpg

267 -0.5235823952 0.1133959511 0.8196709128 -0.2028359645 8.522981228 -5.236169719 -17.34117696 2 frontleft_fisheye_image/00053.jpg

268 -0.5044637579 -0.1793123907 0.8054384897 0.254228682 8.520191419 13.18177936 -12.45327301 3 frontright_fisheye_image/00053.jpg

269 0.6153979537 0.7874220922 0.02790332663 -0.02175342947 -19.13754637 -0.7663055733 4.191659595 4 left_fisheye_image/00053.jpg

270 -0.6127586801 0.7893948799 0.03226900659 0.0184725391 -19.11214928 -1.57673979 -4.270349242 5 right_fisheye_image/00053.jpg

271 0.4227005567 0.5450928939 0.5723669058 -0.443389334 3.90642951 -4.619529079 18.89533798 1 back_fisheye_image/00054.jpg

272 -0.5184527908 0.1205113398 0.8195861096 -0.2120432257 8.957829703 -5.932637056 -17.65824758 2 frontleft_fisheye_image/00054.jpg

273 -0.5037804553 -0.170602322 0.8101859739 0.246371241 8.959916362 13.15411369 -13.21801105 3 frontright_fisheye_image/00054.jpg

274 0.6148647194 0.7881586354 0.01957783621 -0.01908010922 -19.85991098 -0.5854054726 3.928399275 4 left_fisheye_image/00054.jpg

275 -0.6132736101 0.7893097096 0.02758807035 0.01116063823 -19.83913845 -1.61749329 -3.954244481 5 right_fisheye_image/00054.jpg

276 0.4335556007 0.5572327259 0.5643160416 -0.4278652072 3.002921641 -4.967160681 19.64899516 1 back_fisheye_image/00055.jpg

277 -0.51613255 0.1436831825 0.8156156779 -0.2184797471 9.151996198 -7.11659535 -17.83332143 2 frontleft_fisheye_image/00055.jpg

278 -0.5128070785 -0.1514727435 0.8109868908 0.2374556192 9.195628648 12.82963463 -14.36499711 3 frontright_fisheye_image/00055.jpg

279 0.6162185128 0.7875551476 0.004478232195 -0.003402849254 -20.62896849 -0.4953038515 3.072781006 4 left_fisheye_image/00055.jpg

280 -0.6130817563 0.7899644777 0.00926348897 0.001035312031 -20.65551481 -1.297899146 -3.197875291 5 right_fisheye_image/00055.jpg

281 0.4322151674 0.5575014211 0.5642797799 -0.4289178764 3.04534822 -5.146703514 20.26303616 1 back_fisheye_image/00056.jpg

282 -0.5168145749 0.1423417535 0.8152022555 -0.2192870336 9.407894139 -7.384466061 -18.35966753 2 frontleft_fisheye_image/00056.jpg

283 -0.5127825624 -0.1517213773 0.8110202812 0.2372356861 9.470447341 13.15032968 -14.85139071 3 frontright_fisheye_image/00056.jpg

284 0.6157325994 0.7879338118 0.004619472552 -0.003512077375 -21.2801328 -0.4999736162 3.089536068 4 left_fisheye_image/00056.jpg

285 -0.614171071 0.7891230777 0.008758395256 0.001397970176 -21.30723639 -1.275653476 -3.207933542 5 right_fisheye_image/00056.jpg

286 0.4305724612 0.558541477 0.5632901907 -0.4305147329 3.065235647 -5.328166632 20.86210445 1 back_fisheye_image/00057.jpg

287 -0.5171332077 0.1408403879 0.8147374099 -0.2212242832 9.663477448 -7.661720125 -18.86125749 2 frontleft_fisheye_image/00057.jpg

288 -0.5119294351 -0.151771121 0.8117875432 0.2364207373 9.77017946 13.44712452 -15.32394346 3 frontright_fisheye_image/00057.jpg

289 0.615223676 0.7883331087 0.003581513452 -0.004232129295 -21.91473643 -0.4557339981 3.097728313 4 left_fisheye_image/00057.jpg

290 -0.6151629045 0.7883393357 0.009781201593 -0.0001440767887 -21.93777075 -1.351392998 -3.199767312 5 right_fisheye_image/00057.jpg

291 0.4279840731 0.5594023599 0.5626183458 -0.4328501241 3.120339345 -5.495308327 21.3852167 1 back_fisheye_image/00058.jpg

292 -0.5187628623 0.1400877735 0.8137195784 -0.2216324798 9.856266741 -7.943952838 -19.38596667 2 frontleft_fisheye_image/00058.jpg

293 -0.5119306336 -0.1557885299 0.8114039802 0.2351181431 9.960885223 13.85652905 -15.75231311 3 frontright_fisheye_image/00058.jpg

294 0.6119483011 0.7908220806 0.008607053124 -0.006755162577 -22.55389339 -0.5842405348 3.322429436 4 left_fisheye_image/00058.jpg

295 -0.616813335 0.7869927302 0.01309404397 0.003506908215 -22.52775147 -1.362403917 -3.425778814 5 right_fisheye_image/00058.jpg

296 0.4273199444 0.5572317788 0.5659013769 -0.4320255101 3.272043354 -5.717723071 22.04322967 1 back_fisheye_image/00059.jpg

297 -0.5163399399 0.136381149 0.8160515509 -0.2210274075 10.31442535 -8.085200699 -19.93866943 2 frontleft_fisheye_image/00059.jpg

298 -0.5102615156 -0.1558951271 0.8119277574 0.2368611656 10.3231003 14.21292874 -16.16345981 3 frontright_fisheye_image/00059.jpg

299 0.6141125432 0.7891534525 0.007880658305 -0.006364582068 -23.20919989 -0.5528712623 3.318429882 4 left_fisheye_image/00059.jpg

300 -0.6146249854 0.7887139366 0.01253533446 0.003052700749 -23.1862967 -1.391319908 -3.412354208 5 right_fisheye_image/00059.jpg

301 0.4233059237 0.5550274957 0.5677098396 -0.4364196512 3.529290105 -5.879074086 22.64232845 1 back_fisheye_image/00060.jpg

302 -0.5186404265 0.1311892577 0.81579477 -0.2197279679 10.52722731 -8.191558871 -20.55796367 2 frontleft_fisheye_image/00060.jpg

303 -0.5095119198 -0.1615237643 0.8110161492 0.2378244792 10.53535209 14.71762457 -16.5380975 3 frontright_fisheye_image/00060.jpg

304 0.6112774072 0.7912725405 0.01143968912 -0.009840305809 -23.82528736 -0.5976560965 3.520890281 4 left_fisheye_image/00060.jpg

305 -0.6175112828 0.7863621289 0.01684619794 0.005533847799 -23.80396607 -1.459958174 -3.610762409 5 right_fisheye_image/00060.jpg

306 0.429704106 0.5523079358 0.5682124256 -0.4329491479 3.442978053 -5.840106134 23.18710201 1 back_fisheye_image/00061.jpg

307 -0.5171733515 0.1359133642 0.817185033 -0.215099753 10.7740572 -8.422552434 -20.86370448 2 frontleft_fisheye_image/00061.jpg

308 -0.510602917 -0.1573224811 0.8097278176 0.2426420398 10.77884933 14.91443671 -16.86289248 3 frontright_fisheye_image/00061.jpg

309 0.6167160726 0.7870702632 0.010782216 -0.008088902307 -24.22110725 -0.5896900593 3.493664395 4 left_fisheye_image/00061.jpg

310 -0.6120585382 0.7906540045 0.01489332833 0.005364672282 -24.19449303 -1.453656513 -3.58065981 5 right_fisheye_image/00061.jpg

